0.007       0.017        0.304128       0.859404
0.007       0.017        0.293932       0.877293
0.008       0.019        0.37545       0.964707
0.008       0.02        0.35692       1.02822
0.007       0.017        0.32121       0.820894
0.0101       0.0248333        0.538253       1.28959
0.0101       0.0220625        0.513433       1.23915
0.0111       0.0210416        0.609899       1.25784
0.0101       0.02        0.560929       1.09351
0.0111       0.0230833        0.578492       1.37307
0.01       0.025        0.443993       1.47434
0.01       0.025        0.426202       1.53854
0.01       0.025        0.414674       1.58008
0.01       0.025        0.405767       1.62578
0.01       0.025        0.409884       1.62158
0.01       0.027        0.397906       1.7897
0.01       0.027       0.397513       1.88013
0.01       0.027        0.403917       1.85748
0.01       0.03        0.406535       1.97852
0.01       0.03        0.411896       1.98798
0.01       0.03        0.412681       2.01641
0.01       0.03        0.417673       2.22222
0.01       0.03        0.422607       2.15698
