-0.04      0.146124      2.81926      2.96539
-0.04      0.146124      2.81926      2.96539
-0.039875      0.146181      2.79913      2.94531
-0.03975      0.146237      2.77917      2.92541
-0.039625      0.146292      2.7594      2.90569
-0.0395      0.146347      2.7398      2.88615
-0.039375      0.146401      2.72039      2.86679
-0.03925      0.146454      2.70115      2.84761
-0.039125      0.146506      2.6821      2.8286
-0.039      0.146558      2.66322      2.80978
-0.038875      0.146609      2.64452      2.79113
-0.03875      0.146659      2.626      2.77266
-0.038625      0.146708      2.60765      2.75436
-0.0385      0.146757      2.58949      2.73624
-0.038375      0.146805      2.5715      2.7183
-0.03825      0.146852      2.55369      2.70054
-0.038125      0.146899      2.53605      2.68295
-0.038      0.146945      2.51859      2.66553
-0.037875      0.14699      2.50131      2.6483
-0.03775      0.147035      2.4842      2.63123
-0.037625      0.147079      2.46726      2.61434
-0.0375      0.147122      2.4505      2.59762
-0.037375      0.147165      2.43391      2.58107
-0.03725      0.147207      2.41749      2.5647
-0.037125      0.147249      2.40125      2.54849
-0.037      0.14729      2.38517      2.53246
-0.036875      0.14733      2.36927      2.5166
-0.03675      0.14737      2.35353      2.5009
-0.036625      0.14741      2.33797      2.48538
-0.0365      0.147449      2.32257      2.47002
-0.036375      0.147487      2.30734      2.45483
-0.03625      0.147525      2.29228      2.4398
-0.036125      0.147563      2.27738      2.42494
-0.036      0.1476      2.26264      2.41024
-0.035875      0.147637      2.24807      2.39571
-0.03575      0.147673      2.23366      2.38134
-0.035625      0.147709      2.21942      2.36713
-0.0355      0.147744      2.20533      2.35308
-0.035375      0.147779      2.19141      2.33919
-0.03525      0.147814      2.17764      2.32545
-0.035125      0.147849      2.16403      2.31188
-0.035      0.147883      2.15058      2.29846
-0.034875      0.147917      2.13728      2.2852
-0.03475      0.14795      2.12414      2.27209
-0.034625      0.147984      2.11115      2.25914
-0.0345      0.148017      2.09832      2.24633
-0.034375      0.14805      2.08563      2.23368
-0.03425      0.148083      2.0731      2.22118
-0.034125      0.148115      2.06071      2.20883
-0.034      0.148148      2.04848      2.19662
-0.033875      0.14818      2.03639      2.18457
-0.03375      0.148212      2.02444      2.17265
-0.033625      0.148244      2.01264      2.16089
-0.0335      0.148277      2.00098      2.14926
-0.033375      0.148309      1.98947      2.13778
-0.03325      0.148341      1.9781      2.12644
-0.033125      0.148373      1.96686      2.11523
-0.033      0.148405      1.95577      2.10417
-0.032875      0.148437      1.94481      2.09324
-0.03275      0.148469      1.93398      2.08245
-0.032625      0.148501      1.9233      2.0718
-0.0325      0.148534      1.91274      2.06128
-0.032375      0.148566      1.90232      2.05089
-0.03225      0.148599      1.89203      2.04063
-0.032125      0.148632      1.88187      2.0305
-0.032      0.148665      1.87183      2.0205
-0.031875      0.148698      1.86193      2.01062
-0.03175      0.148731      1.85215      2.00088
-0.031625      0.148765      1.84249      1.99125
-0.0315      0.148799      1.83296      1.98176
-0.031375      0.148834      1.82355      1.97238
-0.03125      0.148869      1.81426      1.96312
-0.031125      0.148904      1.80508      1.95399
-0.031      0.14894      1.79603      1.94497
-0.030875      0.148976      1.7871      1.93607
-0.03075      0.149012      1.77827      1.92729
-0.030625      0.149049      1.76957      1.91862
-0.0305      0.149087      1.76097      1.91006
-0.030375      0.149125      1.75249      1.90162
-0.03025      0.149163      1.74412      1.89328
-0.030125      0.149203      1.73586      1.88506
-0.03      0.149242      1.7277      1.87694
-0.029875      0.149283      1.71965      1.86893
-0.02975      0.149324      1.71171      1.86103
-0.029625      0.149366      1.70387      1.85323
-0.0295      0.149408      1.69613      1.84554
-0.029375      0.149452      1.68849      1.83794
-0.02925      0.149496      1.68095      1.83045
-0.029125      0.149541      1.67351      1.82306
-0.029      0.149586      1.66617      1.81576
-0.028875      0.149633      1.65893      1.80856
-0.02875      0.149681      1.65178      1.80146
-0.028625      0.149729      1.64472      1.79445
-0.0285      0.149779      1.63775      1.78753
-0.028375      0.149829      1.63087      1.7807
-0.02825      0.149881      1.62409      1.77397
-0.028125      0.149933      1.61739      1.76732
-0.028      0.149987      1.61078      1.76076
-0.027875      0.150042      1.60425      1.75429
-0.02775      0.150098      1.5978      1.7479
-0.027625      0.150155      1.59144      1.7416
-0.0275      0.150213      1.58516      1.73538
-0.027375      0.150273      1.57896      1.72924
-0.02725      0.150334      1.57284      1.72317
-0.027125      0.150396      1.56679      1.71719
-0.027      0.15046      1.56083      1.71128
-0.026875      0.150525      1.55493      1.70545
-0.02675      0.150591      1.54911      1.6997
-0.026625      0.150659      1.54335      1.69401
-0.0265      0.150729      1.53767      1.6884
-0.026375      0.1508      1.53206      1.68286
-0.02625      0.150873      1.52651      1.67738
-0.026125      0.150947      1.52103      1.67198
-0.026      0.151023      1.51561      1.66663
-0.025875      0.151101      1.51025      1.66135
-0.02575      0.151181      1.50496      1.65614
-0.025625      0.151262      1.49972      1.65098
-0.0255      0.151345      1.49454      1.64589
-0.025375      0.15143      1.48942      1.64085
-0.02525      0.151518      1.48435      1.63587
-0.025125      0.151607      1.47933      1.63094
-0.025      0.151698      1.47436      1.62606
-0.024875      0.151791      1.46945      1.62124
-0.02475      0.151886      1.46458      1.61646
-0.024625      0.151984      1.45975      1.61173
-0.0245      0.152083      1.45497      1.60705
-0.024375      0.152185      1.45023      1.60241
-0.02425      0.152289      1.44552      1.59781
-0.024125      0.152396      1.44086      1.59326
-0.024      0.152505      1.43623      1.58874
-0.023875      0.152616      1.43164      1.58425
-0.02375      0.15273      1.42707      1.5798
-0.023625      0.152847      1.42253      1.57538
-0.0235      0.152966      1.41803      1.57099
-0.023375      0.153088      1.41354      1.56663
-0.02325      0.153212      1.40908      1.56229
-0.023125      0.153339      1.40464      1.55797
-0.023      0.153469      1.40021      1.55368
-0.022875      0.153602      1.3958      1.5494
-0.02275      0.153737      1.3914      1.54514
-0.022625      0.153876      1.38701      1.54089
-0.0225      0.154017      1.38263      1.53665
-0.022375      0.154162      1.37825      1.53241
-0.02225      0.15431      1.37387      1.52818
-0.022125      0.15446      1.36949      1.52395
-0.022      0.154614      1.36511      1.51972
-0.021875      0.154771      1.36072      1.51549
-0.02175      0.154931      1.35631      1.51124
-0.021625      0.155095      1.35189      1.50699
-0.0215      0.155262      1.34746      1.50272
-0.021375      0.155432      1.343      1.49843
-0.02125      0.155605      1.33852      1.49413
-0.021125      0.155782      1.33401      1.4898
-0.021      0.155963      1.32947      1.48544
-0.020875      0.156147      1.3249      1.48105
-0.02075      0.156334      1.32028      1.47662
-0.020625      0.156525      1.31563      1.47215
-0.0205      0.156719      1.31092      1.46764
-0.020375      0.156917      1.30617      1.46309
-0.02025      0.157119      1.30136      1.45848
-0.020125      0.157324      1.29649      1.45382
-0.02      0.157533      1.29156      1.44909
-0.019875      0.157745      1.28656      1.44431
-0.01975      0.157961      1.28149      1.43945
-0.019625      0.158181      1.27634      1.43452
-0.0195      0.158404      1.27111      1.42952
-0.019375      0.158631      1.2658      1.42443
-0.01925      0.158861      1.2604      1.41926
-0.019125      0.159095      1.2549      1.41399
-0.019      0.159333      1.2493      1.40863
-0.018875      0.159574      1.24359      1.40317
-0.01875      0.159819      1.23778      1.3976
-0.018625      0.160067      1.23185      1.39192
-0.0185      0.160319      1.22581      1.38613
-0.018375      0.160574      1.21964      1.38021
-0.01825      0.160832      1.21334      1.37417
-0.018125      0.161094      1.20691      1.368
-0.018      0.161359      1.20033      1.36169
-0.017875      0.161627      1.19362      1.35525
-0.01775      0.161899      1.18675      1.34865
-0.017625      0.162173      1.17974      1.34191
-0.0175      0.16245      1.17256      1.33501
-0.017375      0.162731      1.16522      1.32795
-0.01725      0.163014      1.15771      1.32073
-0.017125      0.1633      1.15003      1.31333
-0.017      0.163588      1.14217      1.30576
-0.016875      0.16388      1.13413      1.29801
-0.01675      0.164173      1.12591      1.29008
-0.016625      0.164469      1.1175      1.28196
-0.0165      0.164767      1.10889      1.27365
-0.016375      0.165067      1.10008      1.26515
-0.01625      0.16537      1.09108      1.25645
-0.016125      0.165674      1.08187      1.24754
-0.016      0.165979      1.07245      1.23843
-0.015875      0.166287      1.06282      1.22911
-0.01575      0.166596      1.05298      1.21958
-0.015625      0.166906      1.04293      1.20984
-0.0155      0.167217      1.03266      1.19988
-0.015375      0.167529      1.02218      1.18971
-0.01525      0.167843      1.01148      1.17932
-0.015125      0.168157      1.00055      1.16871
-0.015      0.168471      0.989413      1.15788
-0.014875      0.168786      0.978056      1.14684
-0.01475      0.169102      0.966481      1.13558
-0.014625      0.169417      0.954691      1.12411
-0.0145      0.169733      0.942688      1.11242
-0.014375      0.170048      0.930475      1.10052
-0.01425      0.170363      0.918055      1.08842
-0.014125      0.170678      0.905432      1.07611
-0.014      0.170992      0.892611      1.0636
-0.013875      0.171306      0.879598      1.0509
-0.01375      0.171618      0.866397      1.03802
-0.013625      0.17193      0.853017      1.02495
-0.0135      0.172241      0.839465      1.01171
-0.013375      0.17255      0.825749      0.998299
-0.01325      0.172858      0.811878      0.984737
-0.013125      0.173165      0.797863      0.971028
-0.013      0.17347      0.783714      0.957184
-0.012875      0.173774      0.769442      0.943216
-0.01275      0.174076      0.75506      0.929136
-0.012625      0.174377      0.740581      0.914958
-0.0125      0.174675      0.726019      0.900694
-0.012375      0.174972      0.711388      0.88636
-0.01225      0.175266      0.696704      0.87197
-0.012125      0.175559      0.681982      0.857542
-0.012      0.17585      0.66724      0.843091
-0.011875      0.176139      0.652495      0.828634
-0.01175      0.176426      0.637765      0.814191
-0.011625      0.176711      0.623067      0.799778
-0.0115      0.176994      0.608422      0.785416
-0.011375      0.177275      0.593848      0.771124
-0.01125      0.177555      0.579365      0.75692
-0.011125      0.177832      0.564994      0.742826
-0.011      0.178108      0.550753      0.728861
-0.010875      0.178382      0.536664      0.715046
-0.01075      0.178654      0.522746      0.7014
-0.010625      0.178925      0.50902      0.687945
-0.0105      0.179194      0.495505      0.674699
-0.010375      0.179462      0.482222      0.661683
-0.01025      0.179728      0.469188      0.648916
-0.010125      0.179994      0.456423      0.636416
-0.01      0.180258      0.443944      0.624202
