-0.035      0.130643      2.12045      2.25109
-0.035      0.130643      2.12045      2.25109
-0.03485      0.130686      2.10039      2.23108
-0.0347      0.130727      2.0806      2.21133
-0.03455      0.130767      2.06108      2.19185
-0.0344      0.130806      2.04183      2.17263
-0.03425      0.130843      2.02283      2.15368
-0.0341      0.130879      2.00411      2.13498
-0.03395      0.130913      1.98564      2.11655
-0.0338      0.130946      1.96743      2.09837
-0.03365      0.130977      1.94947      2.08045
-0.0335      0.131007      1.93178      2.06278
-0.03335      0.131035      1.91433      2.04537
-0.0332      0.131063      1.89714      2.0282
-0.03305      0.131088      1.88019      2.01128
-0.0329      0.131113      1.86349      1.9946
-0.03275      0.131136      1.84704      1.97817
-0.0326      0.131158      1.83082      1.96198
-0.03245      0.131178      1.81485      1.94603
-0.0323      0.131198      1.79912      1.93031
-0.03215      0.131216      1.78362      1.91483
-0.032      0.131233      1.76835      1.89958
-0.03185      0.131249      1.75332      1.88456
-0.0317      0.131263      1.73851      1.86977
-0.03155      0.131277      1.72393      1.8552
-0.0314      0.131289      1.70957      1.84086
-0.03125      0.1313      1.69543      1.82673
-0.0311      0.131311      1.68152      1.81283
-0.03095      0.13132      1.66782      1.79914
-0.0308      0.131328      1.65433      1.78566
-0.03065      0.131336      1.64105      1.77239
-0.0305      0.131342      1.62799      1.75933
-0.03035      0.131348      1.61513      1.74648
-0.0302      0.131353      1.60247      1.73382
-0.03005      0.131357      1.59002      1.72137
-0.0299      0.13136      1.57776      1.70912
-0.02975      0.131363      1.5657      1.69707
-0.0296      0.131365      1.55384      1.6852
-0.02945      0.131366      1.54216      1.67353
-0.0293      0.131367      1.53068      1.66205
-0.02915      0.131367      1.51938      1.65075
-0.029      0.131367      1.50827      1.63963
-0.02885      0.131367      1.49733      1.6287
-0.0287      0.131366      1.48658      1.61794
-0.02855      0.131364      1.476      1.60737
-0.0284      0.131363      1.4656      1.59696
-0.02825      0.131361      1.45537      1.58673
-0.0281      0.131359      1.44531      1.57666
-0.02795      0.131356      1.43541      1.56677
-0.0278      0.131354      1.42568      1.55703
-0.02765      0.131352      1.41611      1.54746
-0.0275      0.131349      1.40671      1.53805
-0.02735      0.131347      1.39746      1.5288
-0.0272      0.131345      1.38836      1.51971
-0.02705      0.131343      1.37942      1.51076
-0.0269      0.131341      1.37063      1.50197
-0.02675      0.13134      1.36199      1.49333
-0.0266      0.131339      1.35349      1.48483
-0.02645      0.131338      1.34514      1.47648
-0.0263      0.131338      1.33693      1.46827
-0.02615      0.131338      1.32886      1.4602
-0.026      0.131339      1.32093      1.45227
-0.02585      0.131341      1.31314      1.44448
-0.0257      0.131343      1.30547      1.43682
-0.02555      0.131346      1.29794      1.42929
-0.0254      0.13135      1.29054      1.42189
-0.02525      0.131355      1.28327      1.41463
-0.0251      0.131361      1.27613      1.40749
-0.02495      0.131367      1.2691      1.40047
-0.0248      0.131375      1.2622      1.39358
-0.02465      0.131385      1.25542      1.3868
-0.0245      0.131395      1.24876      1.38015
-0.02435      0.131407      1.24221      1.37362
-0.0242      0.13142      1.23577      1.36719
-0.02405      0.131435      1.22945      1.36089
-0.0239      0.131451      1.22324      1.35469
-0.02375      0.131469      1.21714      1.34861
-0.0236      0.131489      1.21114      1.34263
-0.02345      0.13151      1.20525      1.33676
-0.0233      0.131534      1.19946      1.33099
-0.02315      0.131559      1.19377      1.32532
-0.023      0.131587      1.18817      1.31976
-0.02285      0.131616      1.18268      1.31429
-0.0227      0.131648      1.17727      1.30892
-0.02255      0.131683      1.17196      1.30365
-0.0224      0.131719      1.16674      1.29846
-0.02225      0.131759      1.16161      1.29337
-0.0221      0.131801      1.15656      1.28836
-0.02195      0.131845      1.1516      1.28344
-0.0218      0.131893      1.14672      1.27861
-0.02165      0.131943      1.14191      1.27385
-0.0215      0.131997      1.13718      1.26918
-0.02135      0.132053      1.13252      1.26458
-0.0212      0.132113      1.12794      1.26005
-0.02105      0.132176      1.12342      1.2556
-0.0209      0.132243      1.11897      1.25121
-0.02075      0.132313      1.11457      1.24689
-0.0206      0.132387      1.11024      1.24263
-0.02045      0.132464      1.10596      1.23843
-0.0203      0.132546      1.10173      1.23428
-0.02015      0.132631      1.09756      1.23019
-0.02      0.132721      1.09342      1.22614
-0.01985      0.132815      1.08933      1.22215
-0.0197      0.132913      1.08528      1.21819
-0.01955      0.133016      1.08125      1.21427
-0.0194      0.133123      1.07726      1.21038
-0.01925      0.133234      1.07329      1.20652
-0.0191      0.133351      1.06933      1.20268
-0.01895      0.133472      1.0654      1.19887
-0.0188      0.133598      1.06147      1.19506
-0.01865      0.133729      1.05754      1.19127
-0.0185      0.133865      1.05361      1.18747
-0.01835      0.134006      1.04967      1.18368
-0.0182      0.134153      1.04572      1.17987
-0.01805      0.134304      1.04174      1.17605
-0.0179      0.134461      1.03774      1.1722
-0.01775      0.134624      1.0337      1.16833
-0.0176      0.134791      1.02962      1.16442
-0.01745      0.134965      1.02549      1.16046
-0.0173      0.135143      1.02131      1.15645
-0.01715      0.135327      1.01705      1.15238
-0.017      0.135517      1.01272      1.14824
-0.01685      0.135712      1.00831      1.14402
-0.0167      0.135913      1.0038      1.13972
-0.01655      0.136119      0.999197      1.13532
-0.0164      0.13633      0.994476      1.13081
-0.01625      0.136547      0.989634      1.12618
-0.0161      0.136768      0.984658      1.12143
-0.01595      0.136995      0.979539      1.11653
-0.0158      0.137227      0.974266      1.11149
-0.01565      0.137464      0.968827      1.10629
-0.0155      0.137706      0.963211      1.10092
-0.01535      0.137953      0.957406      1.09536
-0.0152      0.138204      0.951401      1.0896
-0.01505      0.138459      0.945183      1.08364
-0.0149      0.138718      0.93874      1.07746
-0.01475      0.138981      0.932059      1.07104
-0.0146      0.139248      0.92513      1.06438
-0.01445      0.139519      0.917938      1.05746
-0.0143      0.139792      0.910473      1.05027
-0.01415      0.140069      0.902721      1.04279
-0.014      0.140348      0.894671      1.03502
-0.01385      0.140629      0.886312      1.02694
-0.0137      0.140913      0.877631      1.01854
-0.01355      0.141198      0.868619      1.00982
-0.0134      0.141485      0.859264      1.00075
-0.01325      0.141772      0.849557      0.991329
-0.0131      0.142061      0.839489      0.98155
-0.01295      0.14235      0.829052      0.971401
-0.0128      0.142638      0.818239      0.960877
-0.01265      0.142927      0.807044      0.949971
-0.0125      0.143215      0.795462      0.938677
-0.01235      0.143502      0.78349      0.926992
-0.0122      0.143788      0.771126      0.914914
-0.01205      0.144072      0.758371      0.902443
-0.0119      0.144354      0.745226      0.88958
-0.01175      0.144634      0.731695      0.876329
-0.0116      0.144911      0.717784      0.862696
-0.01145      0.145186      0.703502      0.848688
-0.0113      0.145458      0.68886      0.834318
-0.01115      0.145726      0.67387      0.819596
-0.011      0.145991      0.65855      0.804541
-0.01085      0.146252      0.642918      0.789171
-0.0107      0.14651      0.626997      0.773507
-0.01055      0.146763      0.610811      0.757574
-0.0104      0.147013      0.594388      0.741401
-0.01025      0.147258      0.577759      0.725017
-0.0101      0.147499      0.560959      0.708458
-0.00995      0.147736      0.544025      0.691761
-0.0098      0.147969      0.526995      0.674965
-0.00965      0.148198      0.509914      0.658112
-0.0095      0.148423      0.492826      0.641249
-0.00935      0.148644      0.475778      0.624422
-0.0092      0.148861      0.45882      0.607681
-0.00905      0.149075      0.442002      0.591078
-0.0089      0.149285      0.425378      0.574663
-0.00875      0.149493      0.408998      0.558491
-0.0086      0.149697      0.392918      0.542615
-0.00845      0.149899      0.377188      0.527086
-0.0083      0.150098      0.36186      0.511958
-0.00815      0.150295      0.346985      0.49728
-0.008      0.15049      0.332611      0.483101
-0.00785      0.150684      0.31878      0.469465
-0.0077      0.150877      0.305536      0.456413
-0.00755      0.151068      0.292914      0.443982
-0.0074      0.151259      0.280945      0.432204
-0.00725      0.151449      0.269657      0.421106
-0.0071      0.15164      0.259069      0.410708
-0.00695      0.15183      0.249194      0.401024
-0.0068      0.152021      0.24004      0.392061
-0.00665      0.152212      0.231607      0.383819
-0.0065      0.152404      0.223888      0.376292
-0.00635      0.152597      0.216869      0.369466
-0.0062      0.152791      0.210531      0.363321
-0.00605      0.152986      0.204845      0.357831
-0.0059      0.153182      0.199782      0.352965
-0.00575      0.15338      0.195305      0.348685
-0.0056      0.15358      0.191372      0.344952
-0.00545      0.153781      0.187941      0.341722
-0.0053      0.153983      0.184967      0.33895
-0.00515      0.154187      0.182403      0.33659
-0.005      0.154393      0.180203      0.334596
