-0.012      0.0652911      0.37531      0.440601
-0.012      0.0652911      0.37531      0.440601
-0.011945      0.0652164      0.373756      0.438973
-0.01189      0.065141      0.372214      0.437355
-0.011835      0.0650647      0.370684      0.435748
-0.01178      0.0649877      0.369165      0.434153
-0.011725      0.0649099      0.367658      0.432568
-0.01167      0.0648314      0.366163      0.430994
-0.011615      0.064752      0.364679      0.429431
-0.01156      0.0646718      0.363207      0.427878
-0.011505      0.0645908      0.361746      0.426337
-0.01145      0.064509      0.360297      0.424806
-0.011395      0.0644264      0.35886      0.423286
-0.01134      0.0643429      0.357434      0.421777
-0.011285      0.0642586      0.35602      0.420278
-0.01123      0.0641735      0.354617      0.41879
-0.011175      0.0640875      0.353226      0.417313
-0.01112      0.0640006      0.351846      0.415846
-0.011065      0.0639129      0.350477      0.41439
-0.01101      0.0638243      0.34912      0.412944
-0.010955      0.0637349      0.347774      0.411509
-0.0109      0.0636446      0.346439      0.410083
-0.010845      0.0635534      0.345115      0.408668
-0.01079      0.0634614      0.343802      0.407264
-0.010735      0.0633685      0.342501      0.405869
-0.01068      0.0632747      0.34121      0.404485
-0.010625      0.0631801      0.33993      0.40311
-0.01057      0.0630846      0.338661      0.401745
-0.010515      0.0629883      0.337402      0.40039
-0.01046      0.0628911      0.336154      0.399045
-0.010405      0.062793      0.334916      0.397709
-0.01035      0.0626941      0.333689      0.396383
-0.010295      0.0625944      0.332472      0.395067
-0.01024      0.0624938      0.331265      0.393759
-0.010185      0.0623924      0.330068      0.392461
-0.01013      0.0622901      0.328881      0.391172
-0.010075      0.0621871      0.327704      0.389891
-0.01002      0.0620832      0.326537      0.38862
-0.009965      0.0619785      0.325378      0.387357
-0.00991      0.0618731      0.32423      0.386103
-0.009855      0.0617668      0.32309      0.384857
-0.0098      0.0616598      0.321959      0.383619
-0.009745      0.0615521      0.320838      0.38239
-0.00969      0.0614436      0.319725      0.381168
-0.009635      0.0613343      0.31862      0.379955
-0.00958      0.0612244      0.317524      0.378749
-0.009525      0.0611137      0.316437      0.37755
-0.00947      0.0610024      0.315357      0.376359
-0.009415      0.0608903      0.314285      0.375175
-0.00936      0.0607776      0.313221      0.373999
-0.009305      0.0606643      0.312164      0.372829
-0.00925      0.0605504      0.311115      0.371666
-0.009195      0.0604358      0.310073      0.370509
-0.00914      0.0603206      0.309038      0.369359
-0.009085      0.0602048      0.30801      0.368215
-0.00903      0.0600885      0.306988      0.367077
-0.008975      0.0599717      0.305973      0.365945
-0.00892      0.0598543      0.304964      0.364819
-0.008865      0.0597363      0.303962      0.363698
-0.00881      0.0596179      0.302965      0.362583
-0.008755      0.0594991      0.301974      0.361473
-0.0087      0.0593797      0.300988      0.360368
-0.008645      0.0592599      0.300008      0.359268
-0.00859      0.0591397      0.299033      0.358173
-0.008535      0.0590191      0.298063      0.357082
-0.00848      0.0588981      0.297098      0.355996
-0.008425      0.0587768      0.296138      0.354914
-0.00837      0.058655      0.295182      0.353837
-0.008315      0.058533      0.294231      0.352764
-0.00826      0.0584106      0.293283      0.351694
-0.008205      0.0582879      0.292341      0.350629
-0.00815      0.058165      0.291402      0.349567
-0.008095      0.0580417      0.290467      0.348508
-0.00804      0.0579183      0.289536      0.347454
-0.007985      0.0577946      0.288608      0.346403
-0.00793      0.0576706      0.287684      0.345355
-0.007875      0.0575465      0.286764      0.34431
-0.00782      0.0574222      0.285847      0.343269
-0.007765      0.0572977      0.284933      0.342231
-0.00771      0.0571731      0.284023      0.341196
-0.007655      0.0570483      0.283115      0.340164
-0.0076      0.0569235      0.282212      0.339135
-0.007545      0.0567985      0.281311      0.338109
-0.00749      0.0566734      0.280413      0.337087
-0.007435      0.0565483      0.279519      0.336067
-0.00738      0.0564231      0.278627      0.33505
-0.007325      0.0562979      0.277739      0.334037
-0.00727      0.0561727      0.276854      0.333027
-0.007215      0.0560475      0.275972      0.33202
-0.00716      0.0559224      0.275094      0.331016
-0.007105      0.0557972      0.274218      0.330015
-0.00705      0.0556722      0.273346      0.329018
-0.006995      0.0555473      0.272477      0.328024
-0.00694      0.0554225      0.271612      0.327034
-0.006885      0.0552978      0.27075      0.326047
-0.00683      0.0551733      0.269891      0.325064
-0.006775      0.0550491      0.269036      0.324085
-0.00672      0.054925      0.268184      0.323109
-0.006665      0.0548013      0.267336      0.322138
-0.00661      0.0546779      0.266492      0.32117
-0.006555      0.0545548      0.265651      0.320206
-0.0065      0.0544322      0.264814      0.319246
-0.006445      0.05431      0.26398      0.31829
-0.00639      0.0541882      0.26315      0.317338
-0.006335      0.0540671      0.262323      0.31639
-0.00628      0.0539465      0.2615      0.315446
-0.006225      0.0538266      0.26068      0.314506
-0.00617      0.0537074      0.259863      0.31357
-0.006115      0.053589      0.259048      0.312637
-0.00606      0.0534714      0.258237      0.311708
-0.006005      0.0533548      0.257427      0.310782
-0.00595      0.0532392      0.25662      0.309859
-0.005895      0.0531246      0.255813      0.308938
-0.00584      0.0530113      0.255008      0.308019
-0.005785      0.0528992      0.254203      0.307102
-0.00573      0.0527884      0.253397      0.306185
-0.005675      0.052679      0.25259      0.305269
-0.00562      0.0525712      0.251781      0.304352
-0.005565      0.052465      0.250969      0.303434
-0.00551      0.0523606      0.250152      0.302513
-0.005455      0.0522579      0.24933      0.301588
-0.0054      0.0521572      0.248501      0.300658
-0.005345      0.0520586      0.247663      0.299722
-0.00529      0.051962      0.246815      0.298777
-0.005235      0.0518678      0.245955      0.297822
-0.00518      0.0517758      0.24508      0.296856
-0.005125      0.0516863      0.244189      0.295875
-0.00507      0.0515994      0.243279      0.294878
-0.005015      0.0515151      0.242347      0.293862
-0.00496      0.0514335      0.241391      0.292824
-0.004905      0.0513547      0.240407      0.291762
-0.00485      0.0512788      0.239392      0.290671
-0.004795      0.0512059      0.238342      0.289548
-0.00474      0.0511359      0.237254      0.288389
-0.004685      0.0510691      0.236123      0.287192
-0.00463      0.0510052      0.234945      0.28595
-0.004575      0.0509445      0.233715      0.284659
-0.00452      0.0508869      0.232429      0.283316
-0.004465      0.0508324      0.231081      0.281913
-0.00441      0.050781      0.229666      0.280447
-0.004355      0.0507326      0.228178      0.278911
-0.0043      0.0506872      0.226611      0.277299
-0.004245      0.0506446      0.22496      0.275605
-0.00419      0.0506049      0.223218      0.273823
-0.004135      0.0505677      0.221378      0.271946
-0.00408      0.0505331      0.219434      0.269967
-0.004025      0.0505008      0.21738      0.26788
-0.00397      0.0504706      0.215207      0.265678
-0.003915      0.0504423      0.212911      0.263353
-0.00386      0.0504157      0.210483      0.260899
-0.003805      0.0503905      0.207918      0.258309
-0.00375      0.0503664      0.20521      0.255576
-0.003695      0.0503431      0.202351      0.252694
-0.00364      0.0503204      0.199338      0.249658
-0.003585      0.0502978      0.196164      0.246462
-0.00353      0.050275      0.192825      0.2431
-0.003475      0.0502518      0.189318      0.23957
-0.00342      0.0502276      0.18564      0.235868
-0.003365      0.0502022      0.18179      0.231992
-0.00331      0.0501752      0.177767      0.227942
-0.003255      0.0501463      0.173572      0.223718
-0.0032      0.050115      0.169208      0.219323
-0.003145      0.0500811      0.164679      0.21476
-0.00309      0.0500442      0.159991      0.210036
-0.003035      0.0500041      0.155153      0.205157
-0.00298      0.0499605      0.150175      0.200136
-0.002925      0.0499131      0.14507      0.194983
-0.00287      0.0498619      0.139851      0.189713
-0.002815      0.0498065      0.134538      0.184344
-0.00276      0.0497469      0.129149      0.178896
-0.002705      0.049683      0.123707      0.17339
-0.00265      0.0496148      0.118236      0.167851
-0.002595      0.0495424      0.112762      0.162305
-0.00254      0.0494656      0.107314      0.15678
-0.002485      0.0493847      0.101921      0.151306
-0.00243      0.0492998      0.0966151      0.145915
-0.002375      0.0492111      0.0914264      0.140638
-0.00232      0.0491187      0.0863872      0.135506
-0.002265      0.0490229      0.0815285      0.130551
-0.00221      0.0489239      0.0768803      0.125804
-0.002155      0.0488219      0.0724704      0.121292
-0.0021      0.0487173      0.0683243      0.117042
-0.002045      0.0486103      0.0644639      0.113074
-0.00199      0.0485011      0.0609071      0.109408
-0.001935      0.04839      0.0576672      0.106057
-0.00188      0.0482772      0.0547521      0.103029
-0.001825      0.0481628      0.0521646      0.100327
-0.00177      0.0480472      0.0499014      0.0979486
-0.001715      0.0479304      0.047954      0.0958844
-0.00166      0.0478126      0.0463084      0.094121
-0.001605      0.0476939      0.0449459      0.0926398
-0.00155      0.0475744      0.0438437      0.0914181
-0.001495      0.0474543      0.0429761      0.0904304
-0.00144      0.0473336      0.0423154      0.089649
-0.001385      0.0472124      0.041833      0.0890454
-0.00133      0.0470907      0.0415006      0.0885913
-0.001275      0.0469685      0.0412915      0.08826
-0.00122      0.0468458      0.0411809      0.0880267
-0.001165      0.0467225      0.0411472      0.0878697
-0.00111      0.0465985      0.0411716      0.0877701
-0.001055      0.0464737      0.0412388      0.0877124
-0.001      0.0463478      0.0413363      0.0876841
