-0.04      0.131972      2.89925      3.03122
-0.04      0.131972      2.89925      3.03122
-0.0398542      0.132067      2.87143      3.0035
-0.0397083      0.13216      2.84386      2.97602
-0.0395625      0.132253      2.81658      2.94884
-0.0394167      0.132344      2.78957      2.92192
-0.0392708      0.132434      2.76281      2.89525
-0.039125      0.132522      2.73635      2.86887
-0.0389792      0.132609      2.71015      2.84276
-0.0388333      0.132695      2.68421      2.8169
-0.0386875      0.132779      2.65855      2.79133
-0.0385417      0.132863      2.63317      2.76604
-0.0383958      0.132944      2.60805      2.74099
-0.03825      0.133024      2.58321      2.71624
-0.0381042      0.133103      2.55865      2.69175
-0.0379583      0.133181      2.53434      2.66753
-0.0378125      0.133257      2.51033      2.64358
-0.0376667      0.133331      2.48658      2.61991
-0.0375208      0.133404      2.46309      2.59649
-0.037375      0.133476      2.43989      2.57336
-0.0372292      0.133546      2.41695      2.5505
-0.0370833      0.133614      2.39427      2.52789
-0.0369375      0.133681      2.37188      2.50556
-0.0367917      0.133747      2.34976      2.4835
-0.0366458      0.133811      2.32789      2.4617
-0.0365      0.133873      2.3063      2.44017
-0.0363542      0.133934      2.28497      2.41891
-0.0362083      0.133994      2.2639      2.39789
-0.0360625      0.134052      2.24311      2.37716
-0.0359167      0.134108      2.22258      2.35668
-0.0357708      0.134163      2.20229      2.33646
-0.035625      0.134216      2.18229      2.3165
-0.0354792      0.134267      2.16254      2.29681
-0.0353333      0.134318      2.14304      2.27735
-0.0351875      0.134366      2.1238      2.25817
-0.0350417      0.134413      2.10483      2.23924
-0.0348958      0.134459      2.08609      2.22055
-0.03475      0.134503      2.06762      2.20212
-0.0346042      0.134545      2.0494      2.18395
-0.0344583      0.134586      2.03142      2.16601
-0.0343125      0.134625      2.0137      2.14832
-0.0341667      0.134663      1.99622      2.13088
-0.0340208      0.1347      1.97898      2.11368
-0.033875      0.134735      1.96199      2.09672
-0.0337292      0.134768      1.94524      2.08
-0.0335833      0.1348      1.92871      2.06351
-0.0334375      0.134831      1.91244      2.04727
-0.0332917      0.13486      1.8964      2.03126
-0.0331458      0.134888      1.88058      2.01547
-0.033      0.134915      1.865      1.99992
-0.0328542      0.13494      1.84965      1.98459
-0.0327083      0.134964      1.83452      1.96948
-0.0325625      0.134986      1.81962      1.95461
-0.0324167      0.135008      1.80494      1.93995
-0.0322708      0.135028      1.79047      1.9255
-0.032125      0.135047      1.77623      1.91128
-0.0319792      0.135064      1.76221      1.89727
-0.0318333      0.135081      1.74838      1.88347
-0.0316875      0.135096      1.73478      1.86988
-0.0315417      0.13511      1.72139      1.8565
-0.0313958      0.135123      1.70819      1.84331
-0.03125      0.135135      1.69521      1.83034
-0.0311042      0.135146      1.68242      1.81757
-0.0309583      0.135156      1.66983      1.80498
-0.0308125      0.135166      1.65744      1.7926
-0.0306667      0.135174      1.64524      1.78042
-0.0305208      0.135181      1.63323      1.76841
-0.030375      0.135188      1.62142      1.7566
-0.0302292      0.135193      1.60979      1.74498
-0.0300833      0.135198      1.59833      1.73353
-0.0299375      0.135202      1.58707      1.72227
-0.0297917      0.135206      1.57599      1.71119
-0.0296458      0.135209      1.56507      1.70028
-0.0295      0.135211      1.55434      1.68955
-0.0293542      0.135213      1.54378      1.679
-0.0292083      0.135214      1.53339      1.6686
-0.0290625      0.135215      1.52316      1.65838
-0.0289167      0.135216      1.51311      1.64832
-0.0287708      0.135216      1.5032      1.63842
-0.028625      0.135215      1.49347      1.62868
-0.0284792      0.135215      1.48389      1.61911
-0.0283333      0.135214      1.47446      1.60968
-0.0281875      0.135213      1.4652      1.60041
-0.0280417      0.135212      1.45608      1.59129
-0.0278958      0.135211      1.4471      1.58232
-0.02775      0.13521      1.43828      1.57349
-0.0276042      0.135209      1.42961      1.56481
-0.0274583      0.135208      1.42106      1.55627
-0.0273125      0.135207      1.41267      1.54788
-0.0271667      0.135207      1.40441      1.53962
-0.0270208      0.135206      1.39628      1.53149
-0.026875      0.135206      1.38829      1.5235
-0.0267292      0.135207      1.38044      1.51564
-0.0265833      0.135207      1.3727      1.50791
-0.0264375      0.135209      1.3651      1.50031
-0.0262917      0.13521      1.35763      1.49284
-0.0261458      0.135213      1.35027      1.48548
-0.026      0.135216      1.34304      1.47825
-0.0258542      0.13522      1.33593      1.47115
-0.0257083      0.135224      1.32893      1.46415
-0.0255625      0.13523      1.32205      1.45728
-0.0254167      0.135236      1.31528      1.45052
-0.0252708      0.135244      1.30862      1.44387
-0.025125      0.135252      1.30208      1.43733
-0.0249792      0.135262      1.29564      1.4309
-0.0248333      0.135272      1.2893      1.42458
-0.0246875      0.135284      1.28308      1.41836
-0.0245417      0.135298      1.27695      1.41225
-0.0243958      0.135313      1.27092      1.40623
-0.02425      0.135329      1.265      1.40032
-0.0241042      0.135347      1.25916      1.39451
-0.0239583      0.135366      1.25342      1.38879
-0.0238125      0.135387      1.24778      1.38317
-0.0236667      0.13541      1.24223      1.37764
-0.0235208      0.135435      1.23676      1.3722
-0.023375      0.135462      1.23138      1.36685
-0.0232292      0.135491      1.22609      1.36158
-0.0230833      0.135521      1.22088      1.3564
-0.0229375      0.135554      1.21575      1.3513
-0.0227917      0.13559      1.2107      1.34629
-0.0226458      0.135628      1.20572      1.34135
-0.0225      0.135668      1.20082      1.33649
-0.0223542      0.135711      1.196      1.33171
-0.0222083      0.135756      1.19124      1.32699
-0.0220625      0.135804      1.18655      1.32235
-0.0219167      0.135855      1.18192      1.31778
-0.0217708      0.135909      1.17736      1.31327
-0.021625      0.135966      1.17286      1.30882
-0.0214792      0.136026      1.16841      1.30444
-0.0213333      0.136089      1.16402      1.30011
-0.0211875      0.136156      1.15968      1.29583
-0.0210417      0.136226      1.15539      1.29161
-0.0208958      0.136299      1.15114      1.28744
-0.02075      0.136377      1.14694      1.28331
-0.0206042      0.136457      1.14277      1.27923
-0.0204583      0.136542      1.13864      1.27518
-0.0203125      0.136631      1.13454      1.27117
-0.0201667      0.136724      1.13047      1.26719
-0.0200208      0.13682      1.12642      1.26324
-0.019875      0.136922      1.12239      1.25931
-0.0197292      0.137027      1.11838      1.2554
-0.0195833      0.137137      1.11437      1.25151
-0.0194375      0.137251      1.11037      1.24762
-0.0192917      0.13737      1.10638      1.24375
-0.0191458      0.137494      1.10237      1.23987
-0.019      0.137623      1.09836      1.23598
-0.0188542      0.137756      1.09433      1.23209
-0.0187083      0.137895      1.09028      1.22818
-0.0185625      0.138038      1.08621      1.22425
-0.0184167      0.138187      1.0821      1.22029
-0.0182708      0.138341      1.07795      1.21629
-0.018125      0.1385      1.07375      1.21225
-0.0179792      0.138664      1.0695      1.20817
-0.0178333      0.138834      1.06519      1.20402
-0.0176875      0.139009      1.06081      1.19982
-0.0175417      0.13919      1.05635      1.19554
-0.0173958      0.139376      1.05181      1.19118
-0.01725      0.139568      1.04717      1.18674
-0.0171042      0.139765      1.04244      1.18221
-0.0169583      0.139968      1.03759      1.17756
-0.0168125      0.140176      1.03263      1.17281
-0.0166667      0.140389      1.02754      1.16793
-0.0165208      0.140608      1.02231      1.16292
-0.016375      0.140833      1.01693      1.15776
-0.0162292      0.141062      1.0114      1.15246
-0.0160833      0.141297      1.0057      1.14699
-0.0159375      0.141537      0.999822      1.14136
-0.0157917      0.141782      0.99376      1.13554
-0.0156458      0.142032      0.987496      1.12953
-0.0155      0.142287      0.98103      1.12332
-0.0153542      0.142547      0.974345      1.11689
-0.0152083      0.142811      0.967428      1.11024
-0.0150625      0.143079      0.960277      1.10336
-0.0149167      0.143351      0.952878      1.09623
-0.0147708      0.143628      0.945214      1.08884
-0.014625      0.143908      0.937287      1.08119
-0.0144792      0.144191      0.929081      1.07327
-0.0143333      0.144478      0.920582      1.06506
-0.0141875      0.144768      0.911792      1.05656
-0.0140417      0.145061      0.902697      1.04776
-0.0138958      0.145356      0.893282      1.03864
-0.01375      0.145653      0.883552      1.02921
-0.0136042      0.145952      0.873496      1.01945
-0.0134583      0.146253      0.863098      1.00935
-0.0133125      0.146555      0.852369      0.998923
-0.0131667      0.146857      0.841297      0.988154
-0.0130208      0.147161      0.829871      0.977031
-0.012875      0.147464      0.818104      0.965568
-0.0127292      0.147768      0.805989      0.953757
-0.0125833      0.148071      0.793517      0.941588
-0.0124375      0.148374      0.780706      0.92908
-0.0122917      0.148675      0.767554      0.916229
-0.0121458      0.148975      0.754054      0.903029
-0.012      0.149274      0.740233      0.889507
-0.0118542      0.14957      0.726091      0.875661
-0.0117083      0.149865      0.711628      0.861493
-0.0115625      0.150156      0.696878      0.847034
-0.0114167      0.150445      0.681844      0.83229
-0.0112708      0.150732      0.666535      0.817267
-0.011125      0.151015      0.65099      0.802005
-0.0109792      0.151294      0.635221      0.786515
-0.0108333      0.15157      0.61924      0.77081
-0.0106875      0.151843      0.603096      0.754939
-0.0105417      0.152111      0.586807      0.738919
-0.0103958      0.152376      0.570392      0.722768
-0.01025      0.152637      0.553907      0.706544
-0.0101042      0.152894      0.537374      0.690269
-0.00995833      0.153147      0.520825      0.673972
-0.0098125      0.153396      0.504308      0.657704
-0.00966667      0.153642      0.48786      0.641502
-0.00952083      0.153883      0.471522      0.625405
-0.009375      0.154121      0.455338      0.609459
-0.00922917      0.154355      0.43935      0.593706
-0.00908333      0.154586      0.423601      0.578187
-0.0089375      0.154814      0.408136      0.56295
-0.00879167      0.155039      0.392997      0.548036
-0.00864583      0.155261      0.378226      0.533487
-0.0085      0.155481      0.363865      0.519347
-0.00835417      0.155698      0.349953      0.505652
-0.00820833      0.155914      0.336526      0.49244
-0.0080625      0.156128      0.323619      0.479747
-0.00791667      0.15634      0.311263      0.467603
-0.00777083      0.156551      0.299483      0.456034
-0.007625      0.156761      0.288305      0.445066
-0.00747917      0.156971      0.277746      0.434717
-0.00733333      0.15718      0.267819      0.424999
-0.0071875      0.157389      0.258534      0.415923
-0.00704167      0.157598      0.249895      0.407493
-0.00689583      0.157807      0.241898      0.399706
-0.00675      0.158017      0.234538      0.392555
-0.00660417      0.158228      0.227801      0.386029
-0.00645833      0.158439      0.22167      0.380109
-0.0063125      0.158651      0.216123      0.374774
-0.00616667      0.158864      0.211134      0.369998
-0.00602083      0.159078      0.206671      0.365749
-0.005875      0.159293      0.202703      0.361996
-0.00572917      0.15951      0.199194      0.358703
-0.00558333      0.159727      0.196105      0.355833
-0.0054375      0.159947      0.1934      0.353346
-0.00529167      0.160167      0.191039      0.351206
-0.00514583      0.160389      0.188985      0.349374
-0.005      0.160612      0.187202      0.347814
