-0.04      0.16445      2.88237      3.04682
-0.04      0.16445      2.88237      3.04682
-0.039875      0.164548      2.86679      3.03134
-0.03975      0.164648      2.85136      3.01601
-0.039625      0.164747      2.83608      3.00082
-0.0395      0.164847      2.82094      2.98578
-0.039375      0.164947      2.80594      2.97089
-0.03925      0.165048      2.79109      2.95614
-0.039125      0.16515      2.77638      2.94153
-0.039      0.165251      2.76182      2.92707
-0.038875      0.165354      2.7474      2.91275
-0.03875      0.165456      2.73312      2.89858
-0.038625      0.16556      2.71898      2.88454
-0.0385      0.165663      2.70499      2.87065
-0.038375      0.165768      2.69113      2.8569
-0.03825      0.165872      2.67742      2.84329
-0.038125      0.165978      2.66385      2.82982
-0.038      0.166084      2.65041      2.81649
-0.037875      0.16619      2.63711      2.8033
-0.03775      0.166297      2.62395      2.79025
-0.037625      0.166404      2.61093      2.77733
-0.0375      0.166513      2.59804      2.76455
-0.037375      0.166621      2.58528      2.7519
-0.03725      0.166731      2.57266      2.73939
-0.037125      0.16684      2.56018      2.72702
-0.037      0.166951      2.54782      2.71478
-0.036875      0.167062      2.5356      2.70267
-0.03675      0.167174      2.52351      2.69069
-0.036625      0.167286      2.51155      2.67884
-0.0365      0.1674      2.49972      2.66712
-0.036375      0.167513      2.48802      2.65553
-0.03625      0.167628      2.47644      2.64407
-0.036125      0.167743      2.46499      2.63274
-0.036      0.167859      2.45367      2.62153
-0.035875      0.167976      2.44247      2.61045
-0.03575      0.168093      2.43139      2.59949
-0.035625      0.168212      2.42044      2.58865
-0.0355      0.168331      2.40961      2.57794
-0.035375      0.16845      2.3989      2.56735
-0.03525      0.168571      2.3883      2.55687
-0.035125      0.168693      2.37783      2.54652
-0.035      0.168815      2.36747      2.53628
-0.034875      0.168938      2.35723      2.52617
-0.03475      0.169062      2.3471      2.51616
-0.034625      0.169187      2.33709      2.50627
-0.0345      0.169313      2.32718      2.4965
-0.034375      0.16944      2.31739      2.48683
-0.03425      0.169568      2.30771      2.47728
-0.034125      0.169697      2.29814      2.46784
-0.034      0.169827      2.28868      2.4585
-0.033875      0.169957      2.27932      2.44927
-0.03375      0.170089      2.27006      2.44015
-0.033625      0.170222      2.26091      2.43113
-0.0335      0.170356      2.25186      2.42222
-0.033375      0.170492      2.24292      2.41341
-0.03325      0.170628      2.23407      2.4047
-0.033125      0.170765      2.22532      2.39608
-0.033      0.170904      2.21666      2.38757
-0.032875      0.171044      2.2081      2.37915
-0.03275      0.171185      2.19964      2.37082
-0.032625      0.171328      2.19127      2.36259
-0.0325      0.171471      2.18298      2.35445
-0.032375      0.171616      2.17479      2.34641
-0.03225      0.171763      2.16668      2.33845
-0.032125      0.17191      2.15866      2.33057
-0.032      0.172059      2.15073      2.32279
-0.031875      0.17221      2.14288      2.31509
-0.03175      0.172362      2.1351      2.30747
-0.031625      0.172516      2.12741      2.29993
-0.0315      0.172671      2.1198      2.29247
-0.031375      0.172827      2.11226      2.28509
-0.03125      0.172985      2.10479      2.27778
-0.031125      0.173145      2.0974      2.27055
-0.031      0.173307      2.09008      2.26339
-0.030875      0.17347      2.08283      2.2563
-0.03075      0.173635      2.07565      2.24928
-0.030625      0.173801      2.06853      2.24233
-0.0305      0.17397      2.06147      2.23544
-0.030375      0.17414      2.05447      2.22861
-0.03025      0.174312      2.04754      2.22185
-0.030125      0.174486      2.04066      2.21515
-0.03      0.174661      2.03384      2.2085
-0.029875      0.174839      2.02707      2.20191
-0.02975      0.175019      2.02035      2.19537
-0.029625      0.175201      2.01369      2.18889
-0.0295      0.175384      2.00706      2.18245
-0.029375      0.17557      2.00049      2.17606
-0.02925      0.175758      1.99396      2.16971
-0.029125      0.175948      1.98746      2.16341
-0.029      0.176141      1.98101      2.15715
-0.028875      0.176335      1.97459      2.15093
-0.02875      0.176532      1.96821      2.14474
-0.028625      0.176731      1.96186      2.13859
-0.0285      0.176932      1.95553      2.13247
-0.028375      0.177136      1.94924      2.12637
-0.02825      0.177342      1.94296      2.12031
-0.028125      0.177551      1.93671      2.11426
-0.028      0.177762      1.93048      2.10824
-0.027875      0.177975      1.92427      2.10224
-0.02775      0.178191      1.91807      2.09626
-0.027625      0.17841      1.91188      2.09029
-0.0275      0.178631      1.9057      2.08433
-0.027375      0.178855      1.89953      2.07838
-0.02725      0.179081      1.89336      2.07244
-0.027125      0.17931      1.88719      2.0665
-0.027      0.179542      1.88102      2.06056
-0.026875      0.179777      1.87484      2.05462
-0.02675      0.180014      1.86866      2.04867
-0.026625      0.180254      1.86247      2.04272
-0.0265      0.180497      1.85626      2.03675
-0.026375      0.180743      1.85003      2.03078
-0.02625      0.180991      1.84379      2.02478
-0.026125      0.181242      1.83753      2.01877
-0.026      0.181497      1.83124      2.01273
-0.025875      0.181754      1.82492      2.00667
-0.02575      0.182014      1.81857      2.00058
-0.025625      0.182277      1.81218      1.99446
-0.0255      0.182543      1.80576      1.9883
-0.025375      0.182812      1.79929      1.98211
-0.02525      0.183083      1.79279      1.97587
-0.025125      0.183358      1.78623      1.96959
-0.025      0.183636      1.77962      1.96326
-0.024875      0.183917      1.77296      1.95688
-0.02475      0.184201      1.76625      1.95045
-0.024625      0.184487      1.75947      1.94395
-0.0245      0.184777      1.75263      1.9374
-0.024375      0.18507      1.74572      1.93079
-0.02425      0.185366      1.73874      1.9241
-0.024125      0.185664      1.73168      1.91735
-0.024      0.185966      1.72455      1.91052
-0.023875      0.18627      1.71734      1.90361
-0.02375      0.186578      1.71004      1.89662
-0.023625      0.186888      1.70266      1.88955
-0.0235      0.187201      1.69518      1.88239
-0.023375      0.187518      1.68762      1.87513
-0.02325      0.187837      1.67995      1.86779
-0.023125      0.188158      1.67218      1.86034
-0.023      0.188483      1.66431      1.85279
-0.022875      0.18881      1.65633      1.84514
-0.02275      0.18914      1.64824      1.83738
-0.022625      0.189473      1.64004      1.82951
-0.0225      0.189808      1.63172      1.82153
-0.022375      0.190146      1.62328      1.81343
-0.02225      0.190487      1.61472      1.8052
-0.022125      0.19083      1.60602      1.79685
-0.022      0.191175      1.5972      1.78838
-0.021875      0.191523      1.58825      1.77978
-0.02175      0.191873      1.57917      1.77104
-0.021625      0.192226      1.56994      1.76217
-0.0215      0.19258      1.56057      1.75316
-0.021375      0.192937      1.55107      1.744
-0.02125      0.193296      1.54141      1.73471
-0.021125      0.193657      1.53161      1.72527
-0.021      0.19402      1.52166      1.71568
-0.020875      0.194385      1.51155      1.70593
-0.02075      0.194752      1.50129      1.69604
-0.020625      0.19512      1.49087      1.68599
-0.0205      0.195491      1.4803      1.67579
-0.020375      0.195862      1.46956      1.66543
-0.02025      0.196235      1.45867      1.6549
-0.020125      0.19661      1.44761      1.64422
-0.02      0.196986      1.43639      1.63337
-0.019875      0.197363      1.425      1.62236
-0.01975      0.197742      1.41345      1.61119
-0.019625      0.198122      1.40173      1.59985
-0.0195      0.198502      1.38985      1.58835
-0.019375      0.198884      1.3778      1.57668
-0.01925      0.199266      1.36559      1.56485
-0.019125      0.199649      1.3532      1.55285
-0.019      0.200033      1.34066      1.54069
-0.018875      0.200417      1.32795      1.52837
-0.01875      0.200802      1.31508      1.51588
-0.018625      0.201188      1.30205      1.50324
-0.0185      0.201573      1.28886      1.49043
-0.018375      0.201959      1.27551      1.47747
-0.01825      0.202345      1.262      1.46435
-0.018125      0.202732      1.24835      1.45108
-0.018      0.203118      1.23454      1.43766
-0.017875      0.203504      1.22059      1.4241
-0.01775      0.20389      1.2065      1.41039
-0.017625      0.204276      1.19227      1.39655
-0.0175      0.204661      1.17791      1.38257
-0.017375      0.205046      1.16341      1.36846
-0.01725      0.205431      1.1488      1.35423
-0.017125      0.205815      1.13406      1.33988
-0.017      0.206199      1.11922      1.32542
-0.016875      0.206582      1.10426      1.31085
-0.01675      0.206964      1.08921      1.29617
-0.016625      0.207346      1.07406      1.28141
-0.0165      0.207727      1.05883      1.26656
-0.016375      0.208107      1.04352      1.25163
-0.01625      0.208486      1.02815      1.23663
-0.016125      0.208865      1.0127      1.22157
-0.016      0.209243      0.997211      1.20645
-0.015875      0.209619      0.981674      1.19129
-0.01575      0.209995      0.966103      1.1761
-0.015625      0.21037      0.950506      1.16088
-0.0155      0.210744      0.934895      1.14564
-0.015375      0.211117      0.91928      1.1304
-0.01525      0.211489      0.903671      1.11516
-0.015125      0.21186      0.888079      1.09994
-0.015      0.21223      0.872515      1.08474
-0.014875      0.2126      0.85699      1.06959
-0.01475      0.212968      0.841516      1.05448
-0.014625      0.213336      0.826105      1.03944
-0.0145      0.213702      0.810768      1.02447
-0.014375      0.214068      0.795517      1.00958
-0.01425      0.214433      0.780365      0.994797
-0.014125      0.214797      0.765323      0.98012
-0.014      0.215161      0.750403      0.965564
-0.013875      0.215524      0.735618      0.951142
-0.01375      0.215886      0.72098      0.936866
-0.013625      0.216248      0.706501      0.922749
-0.0135      0.216609      0.692192      0.908801
-0.013375      0.21697      0.678066      0.895036
-0.01325      0.217331      0.664133      0.881463
-0.013125      0.217691      0.650405      0.868096
-0.013      0.218051      0.636893      0.854944
-0.012875      0.218411      0.623609      0.842019
-0.01275      0.21877      0.610561      0.829331
-0.012625      0.21913      0.59776      0.81689
-0.0125      0.21949      0.585215      0.804705
-0.012375      0.21985      0.572936      0.792786
-0.01225      0.22021      0.560931      0.781141
-0.012125      0.220571      0.549208      0.769778
-0.012      0.220931      0.537773      0.758705
-0.011875      0.221293      0.526634      0.747927
-0.01175      0.221655      0.515797      0.737452
-0.011625      0.222017      0.505266      0.727283
-0.0115      0.22238      0.495047      0.717427
-0.011375      0.222744      0.485143      0.707887
-0.01125      0.223109      0.475557      0.698666
-0.011125      0.223475      0.466292      0.689767
-0.011      0.223841      0.457348      0.681189
-0.010875      0.224209      0.448727      0.672936
-0.01075      0.224578      0.440428      0.665005
-0.010625      0.224948      0.432449      0.657397
-0.0105      0.225319      0.424791      0.65011
-0.010375      0.225691      0.417448      0.64314
-0.01025      0.226065      0.410419      0.636484
-0.010125      0.22644      0.403699      0.630139
-0.01      0.226817      0.397283      0.6241
