-0.025      0.114906      1.1119      1.22681
-0.025      0.114906      1.1119      1.22681
-0.0249      0.114888      1.10636      1.22125
-0.0248      0.11487      1.10088      1.21575
-0.0247      0.114851      1.09546      1.21031
-0.0246      0.114831      1.09011      1.20494
-0.0245      0.114812      1.08483      1.19964
-0.0244      0.114792      1.0796      1.1944
-0.0243      0.114772      1.07444      1.18922
-0.0242      0.114751      1.06935      1.1841
-0.0241      0.11473      1.06431      1.17904
-0.024      0.114709      1.05933      1.17404
-0.0239      0.114688      1.05441      1.1691
-0.0238      0.114666      1.04955      1.16421
-0.0237      0.114644      1.04474      1.15939
-0.0236      0.114622      1.04      1.15462
-0.0235      0.1146      1.03531      1.14991
-0.0234      0.114577      1.03067      1.14525
-0.0233      0.114554      1.02609      1.14064
-0.0232      0.114531      1.02156      1.13609
-0.0231      0.114508      1.01709      1.1316
-0.023      0.114484      1.01267      1.12715
-0.0229      0.114461      1.0083      1.12276
-0.0228      0.114437      1.00398      1.11841
-0.0227      0.114412      0.999705      1.11412
-0.0226      0.114388      0.995484      1.10987
-0.0225      0.114364      0.991312      1.10568
-0.0224      0.114339      0.987188      1.10153
-0.0223      0.114314      0.983112      1.09743
-0.0222      0.114289      0.979082      1.09337
-0.0221      0.114264      0.975098      1.08936
-0.022      0.114239      0.971159      1.0854
-0.0219      0.114214      0.967265      1.08148
-0.0218      0.114188      0.963415      1.0776
-0.0217      0.114163      0.959609      1.07377
-0.0216      0.114137      0.955846      1.06998
-0.0215      0.114111      0.952125      1.06624
-0.0214      0.114085      0.948446      1.06253
-0.0213      0.114059      0.944808      1.05887
-0.0212      0.114033      0.941211      1.05524
-0.0211      0.114007      0.937653      1.05166
-0.021      0.113981      0.934136      1.04812
-0.0209      0.113955      0.930657      1.04461
-0.0208      0.113929      0.927217      1.04115
-0.0207      0.113902      0.923815      1.03772
-0.0206      0.113876      0.920451      1.03433
-0.0205      0.11385      0.917123      1.03097
-0.0204      0.113823      0.913832      1.02766
-0.0203      0.113797      0.910578      1.02437
-0.0202      0.113771      0.907359      1.02113
-0.0201      0.113745      0.904175      1.01792
-0.02      0.113718      0.901027      1.01475
-0.0199      0.113692      0.897912      1.0116
-0.0198      0.113666      0.894832      1.0085
-0.0197      0.11364      0.891786      1.00543
-0.0196      0.113614      0.888772      1.00239
-0.0195      0.113589      0.885791      0.99938
-0.0194      0.113563      0.882843      0.996406
-0.0193      0.113538      0.879927      0.993465
-0.0192      0.113512      0.877043      0.990555
-0.0191      0.113487      0.874189      0.987677
-0.019      0.113462      0.871367      0.984829
-0.0189      0.113438      0.868575      0.982013
-0.0188      0.113413      0.865814      0.979227
-0.0187      0.113389      0.863082      0.976471
-0.0186      0.113365      0.86038      0.973745
-0.0185      0.113342      0.857707      0.971049
-0.0184      0.113318      0.855063      0.968381
-0.0183      0.113296      0.852446      0.965742
-0.0182      0.113273      0.849858      0.963131
-0.0181      0.113251      0.847298      0.960549
-0.018      0.11323      0.844764      0.957994
-0.0179      0.113209      0.842257      0.955466
-0.0178      0.113188      0.839776      0.952965
-0.0177      0.113168      0.837322      0.95049
-0.0176      0.113149      0.834892      0.948041
-0.0175      0.113131      0.832488      0.945618
-0.0174      0.113113      0.830107      0.94322
-0.0173      0.113096      0.827751      0.940847
-0.0172      0.113079      0.825418      0.938497
-0.0171      0.113064      0.823107      0.936171
-0.017      0.113049      0.820819      0.933868
-0.0169      0.113035      0.818552      0.931587
-0.0168      0.113022      0.816306      0.929328
-0.0167      0.11301      0.81408      0.92709
-0.0166      0.113      0.811873      0.924873
-0.0165      0.11299      0.809685      0.922675
-0.0164      0.112982      0.807515      0.920496
-0.0163      0.112975      0.805361      0.918335
-0.0162      0.112969      0.803223      0.916192
-0.0161      0.112964      0.8011      0.914064
-0.016      0.112961      0.798991      0.911952
-0.0159      0.11296      0.796894      0.909854
-0.0158      0.11296      0.794809      0.907769
-0.0157      0.112962      0.792735      0.905697
-0.0156      0.112965      0.790669      0.903634
-0.0155      0.11297      0.788611      0.901582
-0.0154      0.112977      0.78656      0.899537
-0.0153      0.112986      0.784513      0.897499
-0.0152      0.112997      0.782469      0.895466
-0.0151      0.11301      0.780426      0.893437
-0.015      0.113025      0.778383      0.891409
-0.0149      0.113043      0.776338      0.889381
-0.0148      0.113062      0.774289      0.887351
-0.0147      0.113084      0.772233      0.885317
-0.0146      0.113109      0.770169      0.883278
-0.0145      0.113136      0.768094      0.88123
-0.0144      0.113165      0.766006      0.879171
-0.0143      0.113197      0.763902      0.877099
-0.0142      0.113232      0.76178      0.875012
-0.0141      0.11327      0.759638      0.872907
-0.014      0.11331      0.757471      0.870781
-0.0139      0.113353      0.755278      0.868631
-0.0138      0.113399      0.753055      0.866454
-0.0137      0.113449      0.750799      0.864247
-0.0136      0.113501      0.748506      0.862007
-0.0135      0.113556      0.746174      0.859731
-0.0134      0.113615      0.743799      0.857414
-0.0133      0.113677      0.741376      0.855053
-0.0132      0.113742      0.738903      0.852644
-0.0131      0.11381      0.736374      0.850184
-0.013      0.113882      0.733787      0.847668
-0.0129      0.113957      0.731136      0.845093
-0.0128      0.114035      0.728417      0.842452
-0.0127      0.114116      0.725627      0.839743
-0.0126      0.114201      0.72276      0.836961
-0.0125      0.11429      0.719811      0.834101
-0.0124      0.114381      0.716776      0.831157
-0.0123      0.114476      0.71365      0.828126
-0.0122      0.114575      0.710427      0.825002
-0.0121      0.114676      0.707103      0.821779
-0.012      0.114781      0.703672      0.818453
-0.0119      0.114889      0.700129      0.815018
-0.0118      0.115      0.696468      0.811469
-0.0117      0.115115      0.692685      0.807799
-0.0116      0.115232      0.688773      0.804005
-0.0115      0.115352      0.684727      0.800079
-0.0114      0.115475      0.680542      0.796017
-0.0113      0.1156      0.676212      0.791812
-0.0112      0.115728      0.671731      0.78746
-0.0111      0.115859      0.667094      0.782953
-0.011      0.115992      0.662296      0.778288
-0.0109      0.116127      0.657331      0.773458
-0.0108      0.116265      0.652194      0.768458
-0.0107      0.116404      0.64688      0.763283
-0.0106      0.116545      0.641384      0.757928
-0.0105      0.116687      0.635701      0.752388
-0.0104      0.116831      0.629827      0.746658
-0.0103      0.116976      0.623757      0.740733
-0.0102      0.117122      0.617489      0.734611
-0.0101      0.117269      0.611017      0.728286
-0.01      0.117416      0.60434      0.721756
-0.0099      0.117564      0.597454      0.715018
-0.0098      0.117712      0.590356      0.708069
-0.0097      0.11786      0.583047      0.700907
-0.0096      0.118008      0.575523      0.693531
-0.0095      0.118156      0.567785      0.685941
-0.0094      0.118302      0.559833      0.678135
-0.0093      0.118448      0.551668      0.670116
-0.0092      0.118593      0.543291      0.661883
-0.0091      0.118736      0.534704      0.65344
-0.009      0.118878      0.525912      0.644789
-0.0089      0.119018      0.516917      0.635935
-0.0088      0.119156      0.507727      0.626883
-0.0087      0.119292      0.498346      0.617638
-0.0086      0.119426      0.488782      0.608207
-0.0085      0.119557      0.479043      0.5986
-0.0084      0.119686      0.469139      0.588825
-0.0083      0.119811      0.45908      0.578892
-0.0082      0.119934      0.448879      0.568814
-0.0081      0.120054      0.438548      0.558602
-0.008      0.120171      0.428101      0.548272
-0.0079      0.120285      0.417554      0.537839
-0.0078      0.120395      0.406923      0.527318
-0.0077      0.120502      0.396226      0.516728
-0.0076      0.120606      0.385482      0.506087
-0.0075      0.120706      0.37471      0.495416
-0.0074      0.120803      0.363932      0.484734
-0.0073      0.120896      0.353168      0.474064
-0.0072      0.120986      0.342443      0.463429
-0.0071      0.121073      0.331778      0.452851
-0.007      0.121156      0.321199      0.442355
-0.0069      0.121237      0.310728      0.431965
-0.0068      0.121314      0.300391      0.421705
-0.0067      0.121388      0.290213      0.411601
-0.0066      0.121459      0.280218      0.401677
-0.0065      0.121528      0.27043      0.391958
-0.0064      0.121594      0.260873      0.382467
-0.0063      0.121657      0.251571      0.373228
-0.0062      0.121719      0.242545      0.364264
-0.0061      0.121778      0.233816      0.355594
-0.006      0.121835      0.225404      0.347239
-0.0059      0.12189      0.217327      0.339218
-0.0058      0.121944      0.209601      0.331545
-0.0057      0.121996      0.202239      0.324236
-0.0056      0.122047      0.195254      0.317301
-0.0055      0.122097      0.188654      0.310751
-0.0054      0.122146      0.182446      0.304592
-0.0053      0.122194      0.176634      0.298827
-0.0052      0.122241      0.171218      0.293459
-0.0051      0.122288      0.166197      0.288485
-0.005      0.122334      0.161567      0.283901
