-0.016      0.0935523      0.622784      0.716337
-0.016      0.0935523      0.622784      0.716337
-0.01594      0.0934873      0.621228      0.714715
-0.01588      0.093422      0.619681      0.713103
-0.01582      0.0933564      0.618142      0.711498
-0.01576      0.0932905      0.616611      0.709902
-0.0157      0.0932243      0.615089      0.708314
-0.01564      0.0931578      0.613576      0.706734
-0.01558      0.0930911      0.61207      0.705161
-0.01552      0.0930242      0.610573      0.703597
-0.01546      0.092957      0.609084      0.702041
-0.0154      0.0928895      0.607602      0.700492
-0.01534      0.0928219      0.606128      0.69895
-0.01528      0.092754      0.604662      0.697416
-0.01522      0.0926859      0.603204      0.69589
-0.01516      0.0926177      0.601753      0.694371
-0.0151      0.0925492      0.600309      0.692858
-0.01504      0.0924806      0.598873      0.691354
-0.01498      0.0924118      0.597444      0.689856
-0.01492      0.0923429      0.596022      0.688365
-0.01486      0.0922738      0.594607      0.686881
-0.0148      0.0922046      0.593199      0.685404
-0.01474      0.0921353      0.591798      0.683933
-0.01468      0.0920658      0.590404      0.68247
-0.01462      0.0919962      0.589017      0.681013
-0.01456      0.0919266      0.587636      0.679562
-0.0145      0.0918568      0.586262      0.678119
-0.01444      0.091787      0.584894      0.676681
-0.01438      0.091717      0.583533      0.67525
-0.01432      0.0916471      0.582179      0.673826
-0.01426      0.091577      0.58083      0.672407
-0.0142      0.0915069      0.579489      0.670996
-0.01414      0.0914368      0.578153      0.66959
-0.01408      0.0913666      0.576824      0.66819
-0.01402      0.0912964      0.575501      0.666797
-0.01396      0.0912262      0.574184      0.66541
-0.0139      0.091156      0.572873      0.664029
-0.01384      0.0910858      0.571568      0.662654
-0.01378      0.0910156      0.57027      0.661285
-0.01372      0.0909454      0.568977      0.659923
-0.01366      0.0908752      0.567691      0.658566
-0.0136      0.090805      0.56641      0.657215
-0.01354      0.0907349      0.565135      0.65587
-0.01348      0.0906648      0.563866      0.654531
-0.01342      0.0905948      0.562603      0.653198
-0.01336      0.0905249      0.561346      0.651871
-0.0133      0.090455      0.560095      0.65055
-0.01324      0.0903852      0.55885      0.649235
-0.01318      0.0903154      0.55761      0.647925
-0.01312      0.0902458      0.556376      0.646622
-0.01306      0.0901763      0.555148      0.645324
-0.013      0.0901068      0.553925      0.644032
-0.01294      0.0900375      0.552708      0.642746
-0.01288      0.0899683      0.551497      0.641465
-0.01282      0.0898993      0.550292      0.640191
-0.01276      0.0898303      0.549092      0.638922
-0.0127      0.0897616      0.547897      0.637659
-0.01264      0.089693      0.546708      0.636401
-0.01258      0.0896245      0.545525      0.635149
-0.01252      0.0895563      0.544347      0.633903
-0.01246      0.0894882      0.543175      0.632663
-0.0124      0.0894204      0.542007      0.631428
-0.01234      0.0893527      0.540846      0.630198
-0.01228      0.0892853      0.539689      0.628974
-0.01222      0.0892181      0.538538      0.627756
-0.01216      0.0891511      0.537391      0.626542
-0.0121      0.0890845      0.53625      0.625335
-0.01204      0.089018      0.535114      0.624132
-0.01198      0.0889519      0.533982      0.622934
-0.01192      0.0888861      0.532856      0.621742
-0.01186      0.0888206      0.531734      0.620555
-0.0118      0.0887554      0.530617      0.619372
-0.01174      0.0886906      0.529504      0.618194
-0.01168      0.0886261      0.528395      0.617021
-0.01162      0.088562      0.52729      0.615852
-0.01156      0.0884983      0.52619      0.614688
-0.0115      0.0884351      0.525093      0.613528
-0.01144      0.0883722      0.524      0.612372
-0.01138      0.0883098      0.52291      0.61122
-0.01132      0.088248      0.521824      0.610072
-0.01126      0.0881866      0.52074      0.608927
-0.0112      0.0881257      0.51966      0.607785
-0.01114      0.0880654      0.518581      0.606646
-0.01108      0.0880056      0.517505      0.60551
-0.01102      0.0879465      0.51643      0.604377
-0.01096      0.0878879      0.515358      0.603245
-0.0109      0.08783      0.514286      0.602116
-0.01084      0.0877728      0.513215      0.600988
-0.01078      0.0877163      0.512144      0.59986
-0.01072      0.0876606      0.511073      0.598734
-0.01066      0.0876056      0.510002      0.597608
-0.0106      0.0875514      0.50893      0.596481
-0.01054      0.087498      0.507856      0.595354
-0.01048      0.0874455      0.506781      0.594226
-0.01042      0.0873939      0.505702      0.593096
-0.01036      0.0873432      0.504621      0.591964
-0.0103      0.0872935      0.503536      0.590829
-0.01024      0.0872448      0.502446      0.589691
-0.01018      0.0871972      0.501351      0.588548
-0.01012      0.0871506      0.50025      0.587401
-0.01006      0.0871051      0.499143      0.586248
-0.01      0.0870608      0.498028      0.585089
-0.00994      0.0870177      0.496905      0.583922
-0.00988      0.0869758      0.495772      0.582748
-0.00982      0.0869352      0.494629      0.581565
-0.00976      0.086896      0.493476      0.580371
-0.0097      0.086858      0.49231      0.579168
-0.00964      0.0868215      0.49113      0.577952
-0.00958      0.0867864      0.489937      0.576723
-0.00952      0.0867528      0.488728      0.575481
-0.00946      0.0867207      0.487503      0.574223
-0.0094      0.0866902      0.486259      0.572949
-0.00934      0.0866613      0.484997      0.571658
-0.00928      0.086634      0.483713      0.570347
-0.00922      0.0866084      0.482408      0.569017
-0.00916      0.0865845      0.48108      0.567664
-0.0091      0.0865624      0.479726      0.566289
-0.00904      0.0865421      0.478347      0.564889
-0.00898      0.0865236      0.476939      0.563462
-0.00892      0.086507      0.475501      0.562008
-0.00886      0.0864923      0.474032      0.560525
-0.0088      0.0864795      0.47253      0.55901
-0.00874      0.0864686      0.470994      0.557462
-0.00868      0.0864597      0.46942      0.55588
-0.00862      0.0864529      0.467807      0.55426
-0.00856      0.0864481      0.466154      0.552602
-0.0085      0.0864453      0.464458      0.550904
-0.00844      0.0864446      0.462718      0.549162
-0.00838      0.086446      0.46093      0.547376
-0.00832      0.0864494      0.459094      0.545544
-0.00826      0.086455      0.457207      0.543662
-0.0082      0.0864627      0.455266      0.541728
-0.00814      0.0864725      0.453269      0.539742
-0.00808      0.0864844      0.451215      0.537699
-0.00802      0.0864984      0.4491      0.535598
-0.00796      0.0865145      0.446922      0.533437
-0.0079      0.0865326      0.44468      0.531213
-0.00784      0.0865528      0.44237      0.528923
-0.00778      0.0865751      0.439991      0.526566
-0.00772      0.0865993      0.437539      0.524138
-0.00766      0.0866255      0.435012      0.521638
-0.0076      0.0866537      0.432409      0.519063
-0.00754      0.0866837      0.429726      0.51641
-0.00748      0.0867155      0.426962      0.513677
-0.00742      0.0867491      0.424113      0.510862
-0.00736      0.0867845      0.421178      0.507962
-0.0073      0.0868215      0.418154      0.504975
-0.00724      0.0868601      0.415039      0.501899
-0.00718      0.0869001      0.411831      0.498731
-0.00712      0.0869416      0.408528      0.49547
-0.00706      0.0869845      0.405129      0.492113
-0.007      0.0870286      0.40163      0.488658
-0.00694      0.0870738      0.39803      0.485104
-0.00688      0.0871201      0.394329      0.481449
-0.00682      0.0871673      0.390523      0.477691
-0.00676      0.0872154      0.386613      0.473829
-0.0067      0.0872642      0.382597      0.469861
-0.00664      0.0873135      0.378473      0.465787
-0.00658      0.0873634      0.374242      0.461606
-0.00652      0.0874136      0.369903      0.457316
-0.00646      0.087464      0.365455      0.452919
-0.0064      0.0875144      0.360899      0.448413
-0.00634      0.0875649      0.356234      0.443799
-0.00628      0.0876151      0.351463      0.439078
-0.00622      0.087665      0.346584      0.434249
-0.00616      0.0877144      0.341601      0.429315
-0.0061      0.0877633      0.336514      0.424277
-0.00604      0.0878113      0.331325      0.419136
-0.00598      0.0878585      0.326037      0.413895
-0.00592      0.0879047      0.320653      0.408557
-0.00586      0.0879497      0.315175      0.403125
-0.0058      0.0879934      0.309608      0.397602
-0.00574      0.0880358      0.303956      0.391992
-0.00568      0.0880765      0.298223      0.3863
-0.00562      0.0881156      0.292414      0.38053
-0.00556      0.0881529      0.286536      0.374689
-0.0055      0.0881883      0.280593      0.368781
-0.00544      0.0882218      0.274593      0.362815
-0.00538      0.0882531      0.268542      0.356795
-0.00532      0.0882822      0.262448      0.35073
-0.00526      0.0883091      0.256319      0.344628
-0.0052      0.0883337      0.250164      0.338498
-0.00514      0.0883558      0.243991      0.332346
-0.00508      0.0883755      0.237809      0.326184
-0.00502      0.0883927      0.231628      0.320021
-0.00496      0.0884073      0.225459      0.313866
-0.0049      0.0884194      0.219311      0.307731
-0.00484      0.0884289      0.213196      0.301625
-0.00478      0.0884359      0.207124      0.29556
-0.00472      0.0884402      0.201106      0.289547
-0.00466      0.088442      0.195154      0.283596
-0.0046      0.0884413      0.189279      0.27772
-0.00454      0.0884381      0.183492      0.27193
-0.00448      0.0884324      0.177805      0.266237
-0.00442      0.0884243      0.172228      0.260652
-0.00436      0.0884139      0.166772      0.255186
-0.0043      0.0884012      0.161449      0.24985
-0.00424      0.0883863      0.156268      0.244654
-0.00418      0.0883693      0.151239      0.239608
-0.00412      0.0883503      0.146371      0.234721
-0.00406      0.0883293      0.141673      0.230002
-0.004      0.0883065      0.137152      0.225459
