-0.025      0.106108      1.06006      1.16617
-0.025      0.106108      1.06006      1.16617
-0.0249167      0.106089      1.05473      1.16082
-0.0248333      0.106069      1.04945      1.15551
-0.02475      0.106048      1.04422      1.15027
-0.0246667      0.106027      1.03905      1.14508
-0.0245833      0.106006      1.03392      1.13993
-0.0245      0.105984      1.02885      1.13484
-0.0244167      0.105961      1.02384      1.1298
-0.0243333      0.105938      1.01887      1.1248
-0.02425      0.105915      1.01395      1.11986
-0.0241667      0.105891      1.00908      1.11497
-0.0240833      0.105867      1.00426      1.11013
-0.024      0.105842      0.999494      1.10534
-0.0239167      0.105817      0.994775      1.10059
-0.0238333      0.105791      0.990098      1.09589
-0.02375      0.105765      0.985475      1.09124
-0.0236667      0.105739      0.9809      1.08664
-0.0235833      0.105712      0.976365      1.08208
-0.0235      0.105685      0.971883      1.07757
-0.0234167      0.105657      0.967446      1.0731
-0.0233333      0.105629      0.96305      1.06868
-0.02325      0.1056      0.958703      1.0643
-0.0231667      0.105571      0.954402      1.05997
-0.0230833      0.105541      0.95014      1.05568
-0.023      0.105512      0.945926      1.05144
-0.0229167      0.105481      0.941756      1.04724
-0.0228333      0.105451      0.937623      1.04307
-0.02275      0.10542      0.933538      1.03896
-0.0226667      0.105388      0.929495      1.03488
-0.0225833      0.105357      0.925488      1.03084
-0.0225      0.105325      0.921527      1.02685
-0.0224167      0.105292      0.917607      1.0229
-0.0223333      0.105259      0.913723      1.01898
-0.02225      0.105226      0.909883      1.01511
-0.0221667      0.105193      0.906082      1.01127
-0.0220833      0.105159      0.902315      1.00747
-0.022      0.105125      0.898592      1.00372
-0.0219167      0.10509      0.894906      0.999996
-0.0218333      0.105055      0.891254      0.996309
-0.02175      0.10502      0.887643      0.992663
-0.0216667      0.104985      0.884068      0.989053
-0.0215833      0.104949      0.880526      0.985475
-0.0215      0.104913      0.877024      0.981937
-0.0214167      0.104877      0.873557      0.978433
-0.0213333      0.10484      0.870121      0.974961
-0.02125      0.104803      0.866723      0.971526
-0.0211667      0.104766      0.86336      0.968126
-0.0210833      0.104729      0.860026      0.964755
-0.021      0.104691      0.85673      0.961421
-0.0209167      0.104653      0.853467      0.95812
-0.0208333      0.104615      0.850232      0.954846
-0.02075      0.104576      0.847033      0.951609
-0.0206667      0.104538      0.843865      0.948403
-0.0205833      0.104499      0.840726      0.945224
-0.0205      0.10446      0.83762      0.94208
-0.0204167      0.10442      0.834545      0.938966
-0.0203333      0.104381      0.831497      0.935878
-0.02025      0.104341      0.828482      0.932823
-0.0201667      0.104301      0.825496      0.929797
-0.0200833      0.104261      0.822536      0.926796
-0.02      0.10422      0.819607      0.923828
-0.0199167      0.10418      0.816707      0.920887
-0.0198333      0.104139      0.813831      0.91797
-0.01975      0.104098      0.810986      0.915084
-0.0196667      0.104057      0.808168      0.912225
-0.0195833      0.104016      0.805373      0.909389
-0.0195      0.103974      0.802608      0.906583
-0.0194167      0.103933      0.799869      0.903802
-0.0193333      0.103891      0.797153      0.901044
-0.01925      0.103849      0.794465      0.898314
-0.0191667      0.103807      0.791802      0.895609
-0.0190833      0.103765      0.789161      0.892925
-0.019      0.103722      0.786547      0.890269
-0.0189167      0.10368      0.783957      0.887637
-0.0188333      0.103637      0.781388      0.885025
-0.01875      0.103594      0.778845      0.88244
-0.0186667      0.103551      0.776326      0.879877
-0.0185833      0.103508      0.773827      0.877335
-0.0185      0.103465      0.771353      0.874818
-0.0184167      0.103422      0.768901      0.872323
-0.0183333      0.103379      0.766469      0.869848
-0.01825      0.103335      0.764061      0.867396
-0.0181667      0.103292      0.761675      0.864967
-0.0180833      0.103248      0.759307      0.862556
-0.018      0.103205      0.756964      0.860168
-0.0179167      0.103161      0.754641      0.857801
-0.0178333      0.103117      0.752335      0.855452
-0.01775      0.103073      0.750053      0.853127
-0.0176667      0.103029      0.747791      0.850821
-0.0175833      0.102985      0.745547      0.848532
-0.0175      0.102941      0.743325      0.846266
-0.0174167      0.102897      0.741122      0.844019
-0.0173333      0.102853      0.738936      0.841789
-0.01725      0.102809      0.736772      0.839581
-0.0171667      0.102765      0.734626      0.837391
-0.0170833      0.102721      0.732497      0.835218
-0.017      0.102677      0.730389      0.833066
-0.0169167      0.102633      0.728299      0.830932
-0.0168333      0.102589      0.726225      0.828814
-0.01675      0.102545      0.724172      0.826717
-0.0166667      0.102501      0.722136      0.824637
-0.0165833      0.102457      0.720116      0.822573
-0.0165      0.102413      0.718116      0.820529
-0.0164167      0.10237      0.716133      0.818502
-0.0163333      0.102326      0.714165      0.816491
-0.01625      0.102283      0.712216      0.814499
-0.0161667      0.102239      0.710284      0.812524
-0.0160833      0.102196      0.708367      0.810564
-0.016      0.102154      0.706469      0.808622
-0.0159167      0.102111      0.704587      0.806698
-0.0158333      0.102068      0.702719      0.804787
-0.01575      0.102026      0.700869      0.802895
-0.0156667      0.101984      0.699035      0.80102
-0.0155833      0.101943      0.697215      0.799158
-0.0155      0.101901      0.695413      0.797314
-0.0154167      0.10186      0.693625      0.795486
-0.0153333      0.10182      0.691851      0.793671
-0.01525      0.10178      0.690094      0.791873
-0.0151667      0.10174      0.688351      0.790091
-0.0150833      0.101701      0.686621      0.788321
-0.015      0.101662      0.684906      0.786568
-0.0149167      0.101624      0.683206      0.78483
-0.0148333      0.101586      0.681517      0.783103
-0.01475      0.101549      0.679844      0.781393
-0.0146667      0.101512      0.678183      0.779696
-0.0145833      0.101477      0.676534      0.77801
-0.0145      0.101442      0.674898      0.77634
-0.0144167      0.101407      0.673274      0.774682
-0.0143333      0.101374      0.67166      0.773034
-0.01425      0.101341      0.670058      0.7714
-0.0141667      0.101309      0.668468      0.769777
-0.0140833      0.101279      0.666885      0.768163
-0.014      0.101249      0.665313      0.766562
-0.0139167      0.10122      0.663751      0.764971
-0.0138333      0.101192      0.662194      0.763387
-0.01375      0.101166      0.660648      0.761813
-0.0136667      0.10114      0.659108      0.760248
-0.0135833      0.101116      0.657573      0.758689
-0.0135      0.101093      0.656044      0.757138
-0.0134167      0.101072      0.654521      0.755593
-0.0133333      0.101052      0.652999      0.754051
-0.01325      0.101033      0.651482      0.752515
-0.0131667      0.101016      0.649967      0.750982
-0.0130833      0.101      0.64845      0.74945
-0.013      0.100986      0.646936      0.747922
-0.0129167      0.100974      0.645419      0.746393
-0.0128333      0.100963      0.643898      0.744861
-0.01275      0.100954      0.642375      0.743329
-0.0126667      0.100947      0.640847      0.741794
-0.0125833      0.100942      0.63931      0.740252
-0.0125      0.100939      0.637766      0.738705
-0.0124167      0.100938      0.636213      0.737151
-0.0123333      0.100939      0.634646      0.735585
-0.01225      0.100942      0.633067      0.734009
-0.0121667      0.100947      0.631474      0.732421
-0.0120833      0.100955      0.629862      0.730816
-0.012      0.100964      0.628232      0.729197
-0.0119167      0.100976      0.626582      0.727558
-0.0118333      0.100991      0.624906      0.725897
-0.01175      0.101008      0.623206      0.724214
-0.0116667      0.101027      0.621479      0.722506
-0.0115833      0.101049      0.619719      0.720768
-0.0115      0.101073      0.617928      0.719001
-0.0114167      0.1011      0.616102      0.717202
-0.0113333      0.101129      0.614235      0.715364
-0.01125      0.101161      0.612329      0.71349
-0.0111667      0.101196      0.610379      0.711575
-0.0110833      0.101233      0.60838      0.709612
-0.011      0.101273      0.606332      0.707604
-0.0109167      0.101315      0.60423      0.705545
-0.0108333      0.10136      0.602069      0.703429
-0.01075      0.101408      0.59985      0.701258
-0.0106667      0.101458      0.597567      0.699025
-0.0105833      0.101511      0.595213      0.696724
-0.0105      0.101567      0.59279      0.694357
-0.0104167      0.101625      0.590293      0.691917
-0.0103333      0.101685      0.587712      0.689398
-0.01025      0.101748      0.585052      0.686801
-0.0101667      0.101814      0.582304      0.684118
-0.0100833      0.101882      0.579462      0.681344
-0.01      0.101952      0.576527      0.678479
-0.00991667      0.102025      0.573491      0.675516
-0.00983333      0.102099      0.570351      0.67245
-0.00975      0.102176      0.567102      0.669278
-0.00966667      0.102255      0.56374      0.665995
-0.00958333      0.102335      0.560261      0.662597
-0.0095      0.102418      0.556661      0.659079
-0.00941667      0.102502      0.552935      0.655437
-0.00933333      0.102588      0.549078      0.651666
-0.00925      0.102675      0.545087      0.647762
-0.00916667      0.102764      0.540958      0.643721
-0.00908333      0.102853      0.536685      0.639539
-0.009      0.102944      0.532267      0.635211
-0.00891667      0.103036      0.527698      0.630734
-0.00883333      0.103128      0.522975      0.626104
-0.00875      0.103221      0.518096      0.621317
-0.00866667      0.103315      0.513055      0.61637
-0.00858333      0.103409      0.507851      0.611259
-0.0085      0.103502      0.502481      0.605983
-0.00841667      0.103596      0.496943      0.600539
-0.00833333      0.10369      0.491234      0.594923
-0.00825      0.103783      0.485353      0.589136
-0.00816667      0.103875      0.4793      0.583175
-0.00808333      0.103967      0.473071      0.577038
-0.008      0.104058      0.46667      0.570728
-0.00791667      0.104147      0.460095      0.564242
-0.00783333      0.104236      0.453346      0.557582
-0.00775      0.104323      0.446427      0.550749
-0.00766667      0.104408      0.439338      0.543747
-0.00758333      0.104492      0.432083      0.536575
-0.0075      0.104573      0.424667      0.52924
-0.00741667      0.104653      0.417092      0.521745
-0.00733333      0.10473      0.409364      0.514094
-0.00725      0.104805      0.401489      0.506295
-0.00716667      0.104878      0.393475      0.498353
-0.00708333      0.104948      0.385329      0.490276
-0.007      0.105015      0.37706      0.482075
-0.00691667      0.10508      0.368677      0.473757
-0.00683333      0.105141      0.360191      0.465332
-0.00675      0.1052      0.351614      0.456815
-0.00666667      0.105256      0.342959      0.448215
-0.00658333      0.105309      0.334238      0.439546
-0.0065      0.105358      0.325466      0.430825
-0.00641667      0.105405      0.316659      0.422064
-0.00633333      0.105449      0.307832      0.41328
-0.00625      0.105489      0.299002      0.404491
-0.00616667      0.105527      0.290188      0.395714
-0.00608333      0.105561      0.281405      0.386967
-0.006      0.105593      0.272676      0.378269
-0.00591667      0.105622      0.264018      0.369639
-0.00583333      0.105648      0.255449      0.361097
-0.00575      0.105671      0.246992      0.352663
-0.00566667      0.105692      0.238666      0.344358
-0.00558333      0.10571      0.230489      0.336199
-0.0055      0.105726      0.222483      0.328209
-0.00541667      0.10574      0.214666      0.320406
-0.00533333      0.105751      0.207056      0.312807
-0.00525      0.105761      0.199673      0.305434
-0.00516667      0.105769      0.192532      0.298301
-0.00508333      0.105775      0.185649      0.291424
-0.005      0.105779      0.17904      0.284819
