-0.04      0.175654      2.96419      3.13985
-0.04      0.175654      2.96419      3.13985
-0.039875      0.175794      2.95074      3.12654
-0.03975      0.175935      2.93741      3.11335
-0.039625      0.176076      2.9242      3.10028
-0.0395      0.176218      2.91111      3.08733
-0.039375      0.176361      2.89814      3.07451
-0.03925      0.176505      2.88529      3.0618
-0.039125      0.176649      2.87256      3.04921
-0.039      0.176794      2.85994      3.03674
-0.038875      0.17694      2.84744      3.02438
-0.03875      0.177086      2.83506      3.01215
-0.038625      0.177234      2.82279      3.00003
-0.0385      0.177382      2.81064      2.98802
-0.038375      0.177531      2.7986      2.97613
-0.03825      0.177681      2.78668      2.96436
-0.038125      0.177832      2.77486      2.9527
-0.038      0.177984      2.76316      2.94115
-0.037875      0.178136      2.75157      2.92971
-0.03775      0.17829      2.7401      2.91839
-0.037625      0.178444      2.72873      2.90717
-0.0375      0.178599      2.71747      2.89607
-0.037375      0.178756      2.70632      2.88507
-0.03725      0.178913      2.69527      2.87418
-0.037125      0.179071      2.68433      2.8634
-0.037      0.179231      2.6735      2.85273
-0.036875      0.179391      2.66277      2.84216
-0.03675      0.179553      2.65214      2.8317
-0.036625      0.179715      2.64162      2.82134
-0.0365      0.179879      2.6312      2.81108
-0.036375      0.180044      2.62088      2.80092
-0.03625      0.18021      2.61065      2.79086
-0.036125      0.180377      2.60053      2.78091
-0.036      0.180546      2.5905      2.77105
-0.035875      0.180715      2.58057      2.76128
-0.03575      0.180886      2.57073      2.75162
-0.035625      0.181058      2.56099      2.74205
-0.0355      0.181232      2.55134      2.73257
-0.035375      0.181407      2.54178      2.72318
-0.03525      0.181583      2.53231      2.71389
-0.035125      0.18176      2.52292      2.70468
-0.035      0.181939      2.51363      2.69557
-0.034875      0.18212      2.50442      2.68654
-0.03475      0.182301      2.49529      2.67759
-0.034625      0.182485      2.48625      2.66874
-0.0345      0.18267      2.47729      2.65996
-0.034375      0.182856      2.46841      2.65127
-0.03425      0.183044      2.45961      2.64265
-0.034125      0.183233      2.45088      2.63412
-0.034      0.183424      2.44223      2.62566
-0.033875      0.183617      2.43366      2.61728
-0.03375      0.183812      2.42516      2.60897
-0.033625      0.184008      2.41673      2.60074
-0.0335      0.184206      2.40837      2.59257
-0.033375      0.184405      2.40007      2.58448
-0.03325      0.184607      2.39184      2.57645
-0.033125      0.18481      2.38368      2.56849
-0.033      0.185015      2.37558      2.5606
-0.032875      0.185222      2.36754      2.55276
-0.03275      0.185431      2.35956      2.54499
-0.032625      0.185642      2.35164      2.53728
-0.0325      0.185854      2.34377      2.52962
-0.032375      0.186069      2.33595      2.52202
-0.03225      0.186286      2.32819      2.51448
-0.032125      0.186504      2.32048      2.50698
-0.032      0.186725      2.31281      2.49954
-0.031875      0.186948      2.3052      2.49214
-0.03175      0.187173      2.29762      2.48479
-0.031625      0.1874      2.29009      2.47749
-0.0315      0.187629      2.28259      2.47022
-0.031375      0.187861      2.27514      2.463
-0.03125      0.188095      2.26772      2.45581
-0.031125      0.188331      2.26033      2.44866
-0.031      0.188569      2.25298      2.44155
-0.030875      0.188809      2.24565      2.43446
-0.03075      0.189052      2.23835      2.4274
-0.030625      0.189298      2.23108      2.42037
-0.0305      0.189545      2.22382      2.41337
-0.030375      0.189795      2.21659      2.40639
-0.03025      0.190047      2.20938      2.39942
-0.030125      0.190302      2.20218      2.39248
-0.03      0.19056      2.19499      2.38555
-0.029875      0.190819      2.18782      2.37863
-0.02975      0.191082      2.18065      2.37173
-0.029625      0.191346      2.17349      2.36483
-0.0295      0.191614      2.16633      2.35794
-0.029375      0.191883      2.15917      2.35105
-0.02925      0.192156      2.15201      2.34416
-0.029125      0.192431      2.14484      2.33727
-0.029      0.192708      2.13767      2.33038
-0.028875      0.192989      2.13049      2.32348
-0.02875      0.193271      2.12329      2.31657
-0.028625      0.193557      2.11609      2.30964
-0.0285      0.193845      2.10886      2.3027
-0.028375      0.194135      2.10161      2.29575
-0.02825      0.194429      2.09434      2.28877
-0.028125      0.194725      2.08704      2.28177
-0.028      0.195023      2.07972      2.27474
-0.027875      0.195325      2.07236      2.26768
-0.02775      0.195629      2.06497      2.2606
-0.027625      0.195935      2.05754      2.25347
-0.0275      0.196244      2.05007      2.24632
-0.027375      0.196556      2.04256      2.23912
-0.02725      0.196871      2.035      2.23187
-0.027125      0.197188      2.02739      2.22458
-0.027      0.197508      2.01974      2.21724
-0.026875      0.197831      2.01202      2.20985
-0.02675      0.198156      2.00425      2.20241
-0.026625      0.198484      1.99642      2.19491
-0.0265      0.198814      1.98853      2.18734
-0.026375      0.199147      1.98057      2.17972
-0.02625      0.199482      1.97254      2.17202
-0.026125      0.199821      1.96444      2.16426
-0.026      0.200161      1.95626      2.15642
-0.025875      0.200504      1.94801      2.14851
-0.02575      0.20085      1.93967      2.14052
-0.025625      0.201198      1.93125      2.13245
-0.0255      0.201549      1.92275      2.1243
-0.025375      0.201902      1.91415      2.11606
-0.02525      0.202257      1.90547      2.10772
-0.025125      0.202615      1.89669      2.0993
-0.025      0.202975      1.8878      2.09078
-0.024875      0.203337      1.87882      2.08216
-0.02475      0.203702      1.86974      2.07344
-0.024625      0.204068      1.86055      2.06462
-0.0245      0.204437      1.85125      2.05569
-0.024375      0.204808      1.84184      2.04665
-0.02425      0.205182      1.83231      2.0375
-0.024125      0.205557      1.82267      2.02823
-0.024      0.205934      1.81291      2.01885
-0.023875      0.206313      1.80303      2.00935
-0.02375      0.206694      1.79303      1.99972
-0.023625      0.207077      1.7829      1.98997
-0.0235      0.207462      1.77264      1.9801
-0.023375      0.207849      1.76225      1.9701
-0.02325      0.208237      1.75173      1.95996
-0.023125      0.208627      1.74107      1.9497
-0.023      0.209019      1.73028      1.9393
-0.022875      0.209412      1.71935      1.92876
-0.02275      0.209806      1.70828      1.91809
-0.022625      0.210202      1.69707      1.90727
-0.0225      0.2106      1.68572      1.89632
-0.022375      0.210998      1.67423      1.88522
-0.02225      0.211398      1.66259      1.87398
-0.022125      0.211799      1.6508      1.8626
-0.022      0.212202      1.63887      1.85107
-0.021875      0.212605      1.62679      1.83939
-0.02175      0.213009      1.61456      1.82757
-0.021625      0.213415      1.60219      1.8156
-0.0215      0.213821      1.58966      1.80348
-0.021375      0.214228      1.57699      1.79122
-0.02125      0.214636      1.56417      1.77881
-0.021125      0.215044      1.5512      1.76625
-0.021      0.215453      1.53809      1.75354
-0.020875      0.215863      1.52482      1.74069
-0.02075      0.216273      1.51142      1.72769
-0.020625      0.216684      1.49786      1.71455
-0.0205      0.217095      1.48417      1.70126
-0.020375      0.217507      1.47033      1.68784
-0.02025      0.217919      1.45635      1.67427
-0.020125      0.218331      1.44224      1.66057
-0.02      0.218743      1.42798      1.64673
-0.019875      0.219155      1.4136      1.63275
-0.01975      0.219568      1.39908      1.61865
-0.019625      0.21998      1.38444      1.60442
-0.0195      0.220392      1.36968      1.59007
-0.019375      0.220805      1.35479      1.57559
-0.01925      0.221217      1.33979      1.561
-0.019125      0.221629      1.32467      1.5463
-0.019      0.222041      1.30945      1.53149
-0.018875      0.222453      1.29412      1.51658
-0.01875      0.222864      1.2787      1.50156
-0.018625      0.223275      1.26318      1.48645
-0.0185      0.223686      1.24757      1.47126
-0.018375      0.224097      1.23189      1.45598
-0.01825      0.224507      1.21612      1.44063
-0.018125      0.224916      1.20029      1.42521
-0.018      0.225325      1.18439      1.40972
-0.017875      0.225734      1.16844      1.39418
-0.01775      0.226142      1.15244      1.37858
-0.017625      0.22655      1.1364      1.36295
-0.0175      0.226957      1.12032      1.34728
-0.017375      0.227364      1.10422      1.33158
-0.01725      0.22777      1.0881      1.31587
-0.017125      0.228176      1.07197      1.30015
-0.017      0.228581      1.05584      1.28442
-0.016875      0.228985      1.03972      1.2687
-0.01675      0.229389      1.02361      1.253
-0.016625      0.229793      1.00754      1.23733
-0.0165      0.230196      0.991492      1.22169
-0.016375      0.230599      0.975494      1.20609
-0.01625      0.231001      0.959551      1.19055
-0.016125      0.231403      0.943672      1.17507
-0.016      0.231804      0.927868      1.15967
-0.015875      0.232205      0.912148      1.14435
-0.01575      0.232605      0.896522      1.12913
-0.015625      0.233005      0.881001      1.11401
-0.0155      0.233405      0.865595      1.099
-0.015375      0.233805      0.850313      1.08412
-0.01525      0.234204      0.835166      1.06937
-0.015125      0.234603      0.820163      1.05477
-0.015      0.235002      0.805315      1.04032
-0.014875      0.235401      0.790632      1.02603
-0.01475      0.2358      0.776122      1.01192
-0.014625      0.236199      0.761796      0.997995
-0.0145      0.236598      0.747663      0.98426
-0.014375      0.236996      0.733732      0.970728
-0.01425      0.237395      0.720011      0.957407
-0.014125      0.237795      0.70651      0.944305
-0.014      0.238194      0.693236      0.93143
-0.013875      0.238594      0.680198      0.918792
-0.01375      0.238994      0.667403      0.906396
-0.013625      0.239394      0.654857      0.894252
-0.0135      0.239795      0.642569      0.882364
-0.013375      0.240197      0.630544      0.87074
-0.01325      0.240599      0.618787      0.859386
-0.013125      0.241001      0.607305      0.848306
-0.013      0.241405      0.596102      0.837507
-0.012875      0.241809      0.585182      0.826991
-0.01275      0.242214      0.574549      0.816763
-0.012625      0.242619      0.564207      0.806826
-0.0125      0.243026      0.554157      0.797183
-0.012375      0.243434      0.544402      0.787835
-0.01225      0.243842      0.534942      0.778785
-0.012125      0.244252      0.52578      0.770032
-0.012      0.244663      0.516914      0.761578
-0.011875      0.245075      0.508345      0.753421
-0.01175      0.245489      0.500071      0.74556
-0.011625      0.245904      0.492091      0.737995
-0.0115      0.24632      0.484402      0.730722
-0.011375      0.246737      0.477001      0.723739
-0.01125      0.247156      0.469886      0.717042
-0.011125      0.247577      0.46305      0.710628
-0.011      0.247999      0.456492      0.704491
-0.010875      0.248423      0.450204      0.698627
-0.01075      0.248848      0.444182      0.69303
-0.010625      0.249276      0.438419      0.687695
-0.0105      0.249705      0.43291      0.682615
-0.010375      0.250135      0.427647      0.677782
-0.01025      0.250568      0.422623      0.67319
-0.010125      0.251002      0.41783      0.668832
-0.01      0.251439      0.413261      0.6647
