-0.025      0.119226      1.15372      1.27295
-0.025      0.119226      1.15372      1.27295
-0.0249      0.119209      1.1483      1.26751
-0.0248      0.11919      1.14294      1.26213
-0.0247      0.119172      1.13763      1.25681
-0.0246      0.119153      1.13239      1.25154
-0.0245      0.119134      1.1272      1.24633
-0.0244      0.119114      1.12207      1.24118
-0.0243      0.119095      1.11699      1.23608
-0.0242      0.119074      1.11197      1.23104
-0.0241      0.119054      1.107      1.22605
-0.024      0.119033      1.10208      1.22112
-0.0239      0.119012      1.09722      1.21623
-0.0238      0.118991      1.09241      1.2114
-0.0237      0.118969      1.08765      1.20662
-0.0236      0.118948      1.08295      1.20189
-0.0235      0.118926      1.07829      1.19721
-0.0234      0.118903      1.07368      1.19259
-0.0233      0.118881      1.06912      1.188
-0.0232      0.118858      1.06461      1.18347
-0.0231      0.118835      1.06015      1.17899
-0.023      0.118813      1.05574      1.17455
-0.0229      0.118789      1.05137      1.17016
-0.0228      0.118766      1.04705      1.16581
-0.0227      0.118743      1.04277      1.16151
-0.0226      0.118719      1.03854      1.15726
-0.0225      0.118695      1.03435      1.15305
-0.0224      0.118672      1.03021      1.14888
-0.0223      0.118648      1.02611      1.14476
-0.0222      0.118624      1.02206      1.14068
-0.0221      0.1186      1.01804      1.13664
-0.022      0.118576      1.01407      1.13265
-0.0219      0.118552      1.01014      1.12869
-0.0218      0.118527      1.00625      1.12478
-0.0217      0.118503      1.0024      1.1209
-0.0216      0.118479      0.998593      1.11707
-0.0215      0.118455      0.994823      1.11328
-0.0214      0.11843      0.991093      1.10952
-0.0213      0.118406      0.987402      1.10581
-0.0212      0.118382      0.983748      1.10213
-0.0211      0.118358      0.980133      1.09849
-0.021      0.118334      0.976555      1.09489
-0.0209      0.11831      0.973014      1.09132
-0.0208      0.118286      0.96951      1.0878
-0.0207      0.118262      0.966041      1.0843
-0.0206      0.118238      0.962609      1.08085
-0.0205      0.118214      0.959212      1.07743
-0.0204      0.11819      0.955851      1.07404
-0.0203      0.118167      0.952523      1.07069
-0.0202      0.118143      0.949231      1.06737
-0.0201      0.11812      0.945972      1.06409
-0.02      0.118097      0.942746      1.06084
-0.0199      0.118074      0.939554      1.05763
-0.0198      0.118052      0.936395      1.05445
-0.0197      0.118029      0.933268      1.0513
-0.0196      0.118007      0.930173      1.04818
-0.0195      0.117985      0.92711      1.04509
-0.0194      0.117963      0.924078      1.04204
-0.0193      0.117942      0.921077      1.03902
-0.0192      0.11792      0.918106      1.03603
-0.0191      0.117899      0.915166      1.03307
-0.019      0.117879      0.912255      1.03013
-0.0189      0.117859      0.909374      1.02723
-0.0188      0.117839      0.906521      1.02436
-0.0187      0.11782      0.903697      1.02152
-0.0186      0.117801      0.900901      1.0187
-0.0185      0.117782      0.898132      1.01591
-0.0184      0.117764      0.895391      1.01315
-0.0183      0.117746      0.892676      1.01042
-0.0182      0.11773      0.889987      1.00772
-0.0181      0.117713      0.887324      1.00504
-0.018      0.117697      0.884685      1.00238
-0.0179      0.117682      0.882071      0.999753
-0.0178      0.117668      0.879481      0.997149
-0.0177      0.117654      0.876914      0.994568
-0.0176      0.117641      0.87437      0.99201
-0.0175      0.117629      0.871847      0.989475
-0.0174      0.117617      0.869345      0.986962
-0.0173      0.117607      0.866864      0.984471
-0.0172      0.117597      0.864403      0.982
-0.0171      0.117588      0.86196      0.979548
-0.017      0.117581      0.859535      0.977115
-0.0169      0.117574      0.857127      0.974701
-0.0168      0.117569      0.854735      0.972303
-0.0167      0.117564      0.852358      0.969922
-0.0166      0.117561      0.849995      0.967556
-0.0165      0.117559      0.847645      0.965204
-0.0164      0.117559      0.845306      0.962865
-0.0163      0.11756      0.842978      0.960538
-0.0162      0.117562      0.840659      0.958221
-0.0161      0.117566      0.838348      0.955914
-0.016      0.117572      0.836043      0.953615
-0.0159      0.117579      0.833744      0.951323
-0.0158      0.117588      0.831447      0.949035
-0.0157      0.117599      0.829153      0.946751
-0.0156      0.117611      0.826859      0.94447
-0.0155      0.117626      0.824562      0.942188
-0.0154      0.117642      0.822263      0.939905
-0.0153      0.117661      0.819957      0.937618
-0.0152      0.117682      0.817645      0.935326
-0.0151      0.117705      0.815322      0.933027
-0.015      0.11773      0.812988      0.930718
-0.0149      0.117758      0.810639      0.928397
-0.0148      0.117788      0.808274      0.926062
-0.0147      0.117821      0.80589      0.923711
-0.0146      0.117856      0.803484      0.92134
-0.0145      0.117894      0.801054      0.918948
-0.0144      0.117935      0.798596      0.916531
-0.0143      0.117978      0.796109      0.914087
-0.0142      0.118025      0.793588      0.911613
-0.0141      0.118074      0.791031      0.909105
-0.014      0.118127      0.788434      0.906561
-0.0139      0.118183      0.785794      0.903977
-0.0138      0.118241      0.783108      0.901349
-0.0137      0.118304      0.780371      0.898675
-0.0136      0.118369      0.777581      0.89595
-0.0135      0.118438      0.774733      0.893171
-0.0134      0.11851      0.771824      0.890334
-0.0133      0.118585      0.768849      0.887434
-0.0132      0.118664      0.765804      0.884468
-0.0131      0.118747      0.762685      0.881432
-0.013      0.118833      0.759488      0.878321
-0.0129      0.118922      0.756208      0.87513
-0.0128      0.119016      0.75284      0.871856
-0.0127      0.119112      0.74938      0.868493
-0.0126      0.119213      0.745824      0.865036
-0.0125      0.119317      0.742165      0.861482
-0.0124      0.119424      0.7384      0.857824
-0.0123      0.119536      0.734523      0.854058
-0.0122      0.11965      0.730529      0.850179
-0.0121      0.119769      0.726414      0.846182
-0.012      0.119891      0.722171      0.842062
-0.0119      0.120016      0.717797      0.837813
-0.0118      0.120144      0.713285      0.83343
-0.0117      0.120276      0.708632      0.828908
-0.0116      0.120411      0.703831      0.824242
-0.0115      0.12055      0.698877      0.819427
-0.0114      0.120691      0.693766      0.814457
-0.0113      0.120835      0.688493      0.809328
-0.0112      0.120982      0.683053      0.804035
-0.0111      0.121132      0.677441      0.798573
-0.011      0.121284      0.671654      0.792938
-0.0109      0.121439      0.665685      0.787124
-0.0108      0.121596      0.659533      0.781129
-0.0107      0.121755      0.653192      0.774947
-0.0106      0.121916      0.646659      0.768575
-0.0105      0.122079      0.639932      0.762011
-0.0104      0.122243      0.633007      0.75525
-0.0103      0.122409      0.625882      0.74829
-0.0102      0.122575      0.618555      0.74113
-0.0101      0.122743      0.611024      0.733767
-0.01      0.122912      0.603289      0.726201
-0.0099      0.123081      0.595349      0.71843
-0.0098      0.12325      0.587205      0.710455
-0.0097      0.123419      0.578857      0.702276
-0.0096      0.123588      0.570307      0.693896
-0.0095      0.123757      0.561558      0.685315
-0.0094      0.123925      0.552612      0.676537
-0.0093      0.124092      0.543474      0.667566
-0.0092      0.124258      0.534148      0.658407
-0.0091      0.124423      0.524641      0.649064
-0.009      0.124586      0.514959      0.639545
-0.0089      0.124748      0.505109      0.629857
-0.0088      0.124907      0.495101      0.620008
-0.0087      0.125064      0.484945      0.610009
-0.0086      0.125219      0.474651      0.59987
-0.0085      0.125372      0.464231      0.589602
-0.0084      0.125522      0.453698      0.57922
-0.0083      0.125668      0.443067      0.568735
-0.0082      0.125812      0.432352      0.558164
-0.0081      0.125953      0.421571      0.547523
-0.008      0.12609      0.410739      0.536829
-0.0079      0.126224      0.399876      0.5261
-0.0078      0.126355      0.389      0.515355
-0.0077      0.126482      0.378131      0.504614
-0.0076      0.126606      0.367291      0.493897
-0.0075      0.126726      0.356501      0.483227
-0.0074      0.126843      0.345782      0.472624
-0.0073      0.126956      0.335157      0.462113
-0.0072      0.127065      0.324649      0.451714
-0.0071      0.127171      0.314281      0.441453
-0.007      0.127274      0.304077      0.43135
-0.0069      0.127373      0.294057      0.421431
-0.0068      0.127469      0.284246      0.411716
-0.0067      0.127562      0.274666      0.402228
-0.0066      0.127653      0.265336      0.392989
-0.0065      0.12774      0.256279      0.384019
-0.0064      0.127824      0.247512      0.375337
-0.0063      0.127906      0.239054      0.366961
-0.0062      0.127986      0.230922      0.358908
-0.0061      0.128064      0.223129      0.351193
-0.006      0.128139      0.215688      0.343828
-0.0059      0.128213      0.208611      0.336824
-0.0058      0.128285      0.201906      0.330191
-0.0057      0.128356      0.195578      0.323934
-0.0056      0.128425      0.189632      0.318057
-0.0055      0.128493      0.184069      0.312562
-0.0054      0.128561      0.178888      0.307448
-0.0053      0.128627      0.174084      0.302711
-0.0052      0.128693      0.169653      0.298346
-0.0051      0.128759      0.165584      0.294343
-0.005      0.128824      0.161869      0.290692
