-0.002      0.0123521      0.0535207      0.0658729
-0.002      0.0123521      0.0535207      0.0658729
-0.0019905      0.0123197      0.0532885      0.0656082
-0.001981      0.0122872      0.0530558      0.065343
-0.0019715      0.0122546      0.0528228      0.0650774
-0.001962      0.0122219      0.0525895      0.0648114
-0.0019525      0.0121892      0.0523557      0.0645449
-0.001943      0.0121563      0.0521217      0.064278
-0.0019335      0.0121233      0.0518873      0.0640106
-0.001924      0.0120903      0.0516526      0.0637429
-0.0019145      0.0120571      0.0514176      0.0634747
-0.001905      0.0120239      0.0511823      0.0632062
-0.0018955      0.0119906      0.0509467      0.0629373
-0.001886      0.0119572      0.0507108      0.062668
-0.0018765      0.0119237      0.0504747      0.0623984
-0.001867      0.0118901      0.0502383      0.0621284
-0.0018575      0.0118565      0.0500016      0.0618581
-0.001848      0.0118228      0.0497648      0.0615875
-0.0018385      0.0117889      0.0495277      0.0613167
-0.001829      0.0117551      0.0492905      0.0610456
-0.0018195      0.0117211      0.0490531      0.0607742
-0.00181      0.0116871      0.0488155      0.0605026
-0.0018005      0.011653      0.0485778      0.0602308
-0.001791      0.0116188      0.04834      0.0599588
-0.0017815      0.0115846      0.0481021      0.0596867
-0.001772      0.0115503      0.0478641      0.0594144
-0.0017625      0.011516      0.047626      0.059142
-0.001753      0.0114816      0.0473879      0.0588695
-0.0017435      0.0114471      0.0471498      0.058597
-0.001734      0.0114126      0.0469118      0.0583244
-0.0017245      0.0113781      0.0466737      0.0580518
-0.001715      0.0113435      0.0464358      0.0577792
-0.0017055      0.0113088      0.0461979      0.0575067
-0.001696      0.0112742      0.0459602      0.0572343
-0.0016865      0.0112395      0.0457226      0.056962
-0.001677      0.0112047      0.0454851      0.0566899
-0.0016675      0.01117      0.0452479      0.0564179
-0.001658      0.0111352      0.045011      0.0561461
-0.0016485      0.0111004      0.0447743      0.0558746
-0.001639      0.0110655      0.0445379      0.0556034
-0.0016295      0.0110307      0.0443018      0.0553325
-0.00162      0.0109958      0.0440661      0.055062
-0.0016105      0.010961      0.0438309      0.0547918
-0.001601      0.0109261      0.043596      0.0545221
-0.0015915      0.0108912      0.0433617      0.0542529
-0.001582      0.0108564      0.0431278      0.0539842
-0.0015725      0.0108215      0.0428945      0.053716
-0.001563      0.0107866      0.0426618      0.0534485
-0.0015535      0.0107517      0.0424298      0.0531815
-0.001544      0.0107169      0.0421984      0.0529153
-0.0015345      0.010682      0.0419677      0.0526498
-0.001525      0.0106472      0.0417378      0.052385
-0.0015155      0.0106124      0.0415087      0.052121
-0.001506      0.0105776      0.0412804      0.0518579
-0.0014965      0.0105428      0.041053      0.0515957
-0.001487      0.010508      0.0408265      0.0513345
-0.0014775      0.0104732      0.040601      0.0510742
-0.001468      0.0104385      0.0403765      0.0508149
-0.0014585      0.0104037      0.040153      0.0505567
-0.001449      0.010369      0.0399306      0.0502996
-0.0014395      0.0103343      0.0397094      0.0500437
-0.00143      0.0102995      0.0394894      0.0497889
-0.0014205      0.0102648      0.0392706      0.0495354
-0.001411      0.0102301      0.0390531      0.0492832
-0.0014015      0.0101954      0.0388369      0.0490323
-0.001392      0.0101607      0.038622      0.0487827
-0.0013825      0.010126      0.0384086      0.0485346
-0.001373      0.0100912      0.0381966      0.0482878
-0.0013635      0.0100565      0.0379861      0.0480426
-0.001354      0.0100217      0.0377771      0.0477988
-0.0013445      0.00998687      0.0375697      0.0475565
-0.001335      0.00995201      0.0373639      0.0473159
-0.0013255      0.00991711      0.0371597      0.0470768
-0.001316      0.00988215      0.0369572      0.0468394
-0.0013065      0.00984713      0.0367564      0.0466035
-0.001297      0.00981203      0.0365574      0.0463694
-0.0012875      0.00977685      0.0363601      0.046137
-0.001278      0.00974158      0.0361647      0.0459062
-0.0012685      0.00970621      0.035971      0.0456772
-0.001259      0.00967072      0.0357792      0.04545
-0.0012495      0.00963511      0.0355893      0.0452245
-0.00124      0.00959936      0.0354013      0.0450007
-0.0012305      0.00956346      0.0352152      0.0447787
-0.001221      0.0095274      0.0350311      0.0445585
-0.0012115      0.00949116      0.0348488      0.04434
-0.001202      0.00945474      0.0346685      0.0441233
-0.0011925      0.00941812      0.0344902      0.0439083
-0.001183      0.00938129      0.0343137      0.043695
-0.0011735      0.00934424      0.0341393      0.0434835
-0.001164      0.00930694      0.0339667      0.0432736
-0.0011545      0.0092694      0.0337961      0.0430654
-0.001145      0.00923159      0.0336273      0.0428589
-0.0011355      0.0091935      0.0334604      0.0426539
-0.001126      0.00915513      0.0332954      0.0424506
-0.0011165      0.00911646      0.0331322      0.0422487
-0.001107      0.00907748      0.0329708      0.0420483
-0.0010975      0.00903818      0.0328111      0.0418493
-0.001088      0.00899855      0.0326532      0.0416517
-0.0010785      0.00895858      0.0324968      0.0414554
-0.001069      0.00891827      0.0323421      0.0412604
-0.0010595      0.0088776      0.0321889      0.0410665
-0.00105      0.00883656      0.0320372      0.0408737
-0.0010405      0.00879517      0.0318869      0.040682
-0.001031      0.0087534      0.0317379      0.0404913
-0.0010215      0.00871126      0.0315901      0.0403014
-0.001012      0.00866875      0.0314436      0.0401123
-0.0010025      0.00862586      0.0312981      0.039924
-0.000993      0.0085826      0.0311536      0.0397362
-0.0009835      0.00853898      0.0310101      0.039549
-0.000974      0.00849498      0.0308673      0.0393623
-0.0009645      0.00845063      0.0307253      0.0391759
-0.000955      0.00840592      0.0305839      0.0389898
-0.0009455      0.00836087      0.030443      0.0388039
-0.000936      0.00831548      0.0303026      0.038618
-0.0009265      0.00826977      0.0301624      0.0384322
-0.000917      0.00822375      0.0300225      0.0382463
-0.0009075      0.00817744      0.0298828      0.0380602
-0.000898      0.00813085      0.029743      0.0378739
-0.0008885      0.00808399      0.0296032      0.0376872
-0.000879      0.00803689      0.0294633      0.0375002
-0.0008695      0.00798957      0.0293232      0.0373127
-0.00086      0.00794203      0.0291827      0.0371247
-0.0008505      0.00789432      0.0290418      0.0369362
-0.000841      0.00784644      0.0289006      0.036747
-0.0008315      0.00779842      0.0287588      0.0365572
-0.000822      0.00775028      0.0286164      0.0363667
-0.0008125      0.00770204      0.0284735      0.0361756
-0.000803      0.00765373      0.02833      0.0359837
-0.0007935      0.00760536      0.0281858      0.0357912
-0.000784      0.00755697      0.028041      0.035598
-0.0007745      0.00750857      0.0278955      0.0354041
-0.000765      0.00746019      0.0277495      0.0352097
-0.0007555      0.00741184      0.0276028      0.0350146
-0.000746      0.00736355      0.0274556      0.0348191
-0.0007365      0.00731534      0.0273078      0.0346232
-0.000727      0.00726722      0.0271596      0.0344269
-0.0007175      0.00721922      0.0270111      0.0342303
-0.000708      0.00717135      0.0268622      0.0340336
-0.0006985      0.00712364      0.0267131      0.0338367
-0.000689      0.0070761      0.0265638      0.0336399
-0.0006795      0.00702874      0.0264145      0.0334433
-0.00067      0.00698159      0.0262652      0.0332468
-0.0006605      0.00693467      0.026116      0.0330507
-0.000651      0.006888      0.025967      0.0328549
-0.0006415      0.00684159      0.0258181      0.0326597
-0.000632      0.00679547      0.0256694      0.0324649
-0.0006225      0.00674967      0.0255209      0.0322706
-0.000613      0.0067042      0.0253725      0.0320767
-0.0006035      0.00665912      0.0252242      0.0318833
-0.000594      0.00661444      0.0250758      0.0316902
-0.0005845      0.0065702      0.0249271      0.0314973
-0.000575      0.00652645      0.0247777      0.0313042
-0.0005655      0.00648324      0.0246274      0.0311106
-0.000556      0.00644061      0.0244755      0.0309161
-0.0005465      0.00639862      0.0243217      0.0307203
-0.000537      0.00635733      0.024165      0.0305224
-0.0005275      0.00631681      0.0240048      0.0303216
-0.000518      0.00627712      0.02384      0.0301171
-0.0005085      0.00623834      0.0236694      0.0299078
-0.000499      0.00620053      0.0234918      0.0296923
-0.0004895      0.00616377      0.0233056      0.0294693
-0.00048      0.00612812      0.0231091      0.0292372
-0.0004705      0.00609365      0.0229005      0.0289941
-0.000461      0.00606043      0.0226776      0.028738
-0.0004515      0.0060285      0.0224382      0.0284667
-0.000442      0.0059979      0.0221797      0.0281776
-0.0004325      0.00596865      0.0218994      0.0278681
-0.000423      0.00594076      0.0215947      0.0275354
-0.0004135      0.00591422      0.0212624      0.0271766
-0.000404      0.00588898      0.0208995      0.0267885
-0.0003945      0.00586498      0.020503      0.026368
-0.000385      0.00584212      0.0200699      0.025912
-0.0003755      0.00582027      0.0195972      0.0254175
-0.000366      0.00579929      0.0190824      0.0248817
-0.0003565      0.00577898      0.0185233      0.0243023
-0.000347      0.00575913      0.0179182      0.0236773
-0.0003375      0.0057395      0.0172662      0.0230057
-0.000328      0.00571985      0.0165675      0.0222873
-0.0003185      0.00569991      0.0158232      0.0215231
-0.000309      0.00567941      0.0150359      0.0207154
-0.0002995      0.00565809      0.0142101      0.0198682
-0.00029      0.00563572      0.0133515      0.0189873
-0.0002805      0.00561208      0.0124683      0.0180804
-0.000271      0.005587      0.0115701      0.0171571
-0.0002615      0.00556036      0.0106687      0.0162291
-0.000252      0.00553208      0.00977738      0.0153095
-0.0002425      0.00550215      0.00891059      0.0144127
-0.000233      0.00547062      0.00808344      0.0135541
-0.0002235      0.00543758      0.00731084      0.0127484
-0.000214      0.00540318      0.00660657      0.0120097
-0.0002045      0.00536757      0.00598227      0.0113498
-0.000195      0.00533095      0.00544643      0.0107774
-0.0001855      0.00529351      0.00500355      0.0102971
-0.000176      0.00525543      0.0046536      0.00990904
-0.0001665      0.00521687      0.00439192      0.00960879
-0.000157      0.00517796      0.00420967      0.00938763
-0.0001475      0.0051388      0.00409489      0.00923369
-0.000138      0.00509946      0.00403388      0.00913335
-0.0001285      0.00506001      0.00401285      0.00907286
-0.000119      0.00502045      0.00401935      0.0090398
-0.0001095      0.00498079      0.0040433      0.0090241
-0.0001      0.00494104      0.00407739      0.00901843
