-0.025      0.111092      1.09269      1.20378
-0.025      0.111092      1.09269      1.20378
-0.0249      0.111074      1.08668      1.19775
-0.0248      0.111055      1.08074      1.19179
-0.0247      0.111035      1.07486      1.1859
-0.0246      0.111014      1.06905      1.18007
-0.0245      0.110992      1.06331      1.1743
-0.0244      0.110969      1.05764      1.1686
-0.0243      0.110945      1.05202      1.16297
-0.0242      0.11092      1.04648      1.15739
-0.0241      0.110894      1.04099      1.15188
-0.024      0.110867      1.03557      1.14643
-0.0239      0.110839      1.0302      1.14104
-0.0238      0.11081      1.0249      1.13571
-0.0237      0.11078      1.01966      1.13044
-0.0236      0.110749      1.01448      1.12522
-0.0235      0.110718      1.00935      1.12007
-0.0234      0.110685      1.00428      1.11497
-0.0233      0.110652      0.999269      1.10992
-0.0232      0.110618      0.994313      1.10493
-0.0231      0.110583      0.989412      1.09999
-0.023      0.110547      0.984565      1.09511
-0.0229      0.11051      0.979771      1.09028
-0.0228      0.110473      0.97503      1.0855
-0.0227      0.110434      0.970341      1.08078
-0.0226      0.110395      0.965704      1.0761
-0.0225      0.110355      0.961117      1.07147
-0.0224      0.110315      0.956579      1.06689
-0.0223      0.110274      0.952091      1.06236
-0.0222      0.110232      0.947651      1.05788
-0.0221      0.110189      0.943259      1.05345
-0.022      0.110146      0.938914      1.04906
-0.0219      0.110102      0.934615      1.04472
-0.0218      0.110057      0.930362      1.04042
-0.0217      0.110012      0.926154      1.03617
-0.0216      0.109966      0.921991      1.03196
-0.0215      0.10992      0.917871      1.02779
-0.0214      0.109873      0.913794      1.02367
-0.0213      0.109826      0.90976      1.01959
-0.0212      0.109778      0.905768      1.01555
-0.0211      0.109729      0.901817      1.01155
-0.021      0.10968      0.897907      1.00759
-0.0209      0.109631      0.894037      1.00367
-0.0208      0.109581      0.890206      0.999788
-0.0207      0.109531      0.886415      0.995946
-0.0206      0.10948      0.882662      0.992143
-0.0205      0.109429      0.878947      0.988377
-0.0204      0.109378      0.87527      0.984648
-0.0203      0.109326      0.87163      0.980956
-0.0202      0.109274      0.868026      0.9773
-0.0201      0.109222      0.864458      0.97368
-0.02      0.109169      0.860926      0.970095
-0.0199      0.109116      0.857429      0.966545
-0.0198      0.109063      0.853966      0.963029
-0.0197      0.10901      0.850538      0.959547
-0.0196      0.108956      0.847143      0.956099
-0.0195      0.108902      0.843782      0.952684
-0.0194      0.108848      0.840453      0.949302
-0.0193      0.108794      0.837158      0.945952
-0.0192      0.10874      0.833894      0.942634
-0.0191      0.108685      0.830662      0.939348
-0.019      0.108631      0.827462      0.936093
-0.0189      0.108576      0.824293      0.932869
-0.0188      0.108521      0.821155      0.929676
-0.0187      0.108466      0.818047      0.926514
-0.0186      0.108411      0.81497      0.923381
-0.0185      0.108356      0.811922      0.920279
-0.0184      0.108302      0.808904      0.917206
-0.0183      0.108247      0.805916      0.914162
-0.0182      0.108192      0.802956      0.911148
-0.0181      0.108137      0.800025      0.908162
-0.018      0.108082      0.797123      0.905205
-0.0179      0.108027      0.794249      0.902276
-0.0178      0.107972      0.791403      0.899375
-0.0177      0.107918      0.788584      0.896502
-0.0176      0.107863      0.785794      0.893657
-0.0175      0.107809      0.78303      0.890839
-0.0174      0.107754      0.780294      0.888048
-0.0173      0.1077      0.777584      0.885284
-0.0172      0.107646      0.774901      0.882547
-0.0171      0.107593      0.772244      0.879837
-0.017      0.107539      0.769614      0.877153
-0.0169      0.107486      0.767009      0.874495
-0.0168      0.107433      0.764429      0.871863
-0.0167      0.10738      0.761875      0.869256
-0.0166      0.107328      0.759347      0.866675
-0.0165      0.107276      0.756842      0.864119
-0.0164      0.107225      0.754363      0.861587
-0.0163      0.107173      0.751907      0.85908
-0.0162      0.107123      0.749475      0.856598
-0.0161      0.107072      0.747067      0.854139
-0.016      0.107023      0.744682      0.851704
-0.0159      0.106974      0.742319      0.849292
-0.0158      0.106925      0.739979      0.846903
-0.0157      0.106877      0.73766      0.844537
-0.0156      0.10683      0.735363      0.842192
-0.0155      0.106783      0.733086      0.839869
-0.0154      0.106737      0.73083      0.837567
-0.0153      0.106692      0.728593      0.835285
-0.0152      0.106648      0.726375      0.833023
-0.0151      0.106605      0.724176      0.83078
-0.015      0.106562      0.721994      0.828556
-0.0149      0.106521      0.719829      0.82635
-0.0148      0.106481      0.717679      0.82416
-0.0147      0.106442      0.715545      0.821986
-0.0146      0.106404      0.713424      0.819828
-0.0145      0.106367      0.711316      0.817684
-0.0144      0.106332      0.70922      0.815552
-0.0143      0.106298      0.707135      0.813433
-0.0142      0.106266      0.705059      0.811325
-0.0141      0.106236      0.70299      0.809226
-0.014      0.106207      0.700928      0.807135
-0.0139      0.106179      0.698871      0.80505
-0.0138      0.106154      0.696817      0.802971
-0.0137      0.106131      0.694764      0.800894
-0.0136      0.106109      0.69271      0.79882
-0.0135      0.10609      0.690654      0.796744
-0.0134      0.106073      0.688594      0.794667
-0.0133      0.106058      0.686526      0.792584
-0.0132      0.106046      0.684449      0.790495
-0.0131      0.106036      0.68236      0.788397
-0.013      0.106029      0.680257      0.786286
-0.0129      0.106025      0.678136      0.784161
-0.0128      0.106023      0.675996      0.782019
-0.0127      0.106025      0.673832      0.779856
-0.0126      0.106029      0.671641      0.77767
-0.0125      0.106037      0.66942      0.775457
-0.0124      0.106048      0.667166      0.773214
-0.0123      0.106062      0.664874      0.770936
-0.0122      0.106079      0.662542      0.768621
-0.0121      0.1061      0.660164      0.766264
-0.012      0.106125      0.657736      0.763861
-0.0119      0.106153      0.655255      0.761408
-0.0118      0.106185      0.652714      0.7589
-0.0117      0.106221      0.650111      0.756332
-0.0116      0.106261      0.647439      0.7537
-0.0115      0.106305      0.644694      0.750999
-0.0114      0.106353      0.64187      0.748223
-0.0113      0.106405      0.638961      0.745366
-0.0112      0.106461      0.635963      0.742424
-0.0111      0.106521      0.632869      0.73939
-0.011      0.106586      0.629673      0.736259
-0.0109      0.106655      0.626369      0.733024
-0.0108      0.106727      0.622952      0.729679
-0.0107      0.106804      0.619414      0.726219
-0.0106      0.106886      0.615749      0.722635
-0.0105      0.106971      0.611951      0.718922
-0.0104      0.10706      0.608013      0.715074
-0.0103      0.107154      0.603929      0.711083
-0.0102      0.107251      0.599691      0.706942
-0.0101      0.107352      0.595293      0.702645
-0.01      0.107457      0.590728      0.698185
-0.0099      0.107565      0.58599      0.693555
-0.0098      0.107677      0.581072      0.688749
-0.0097      0.107792      0.575968      0.68376
-0.0096      0.107911      0.570671      0.678582
-0.0095      0.108032      0.565176      0.673208
-0.0094      0.108156      0.559476      0.667632
-0.0093      0.108282      0.553567      0.661849
-0.0092      0.108411      0.547443      0.655854
-0.0091      0.108542      0.5411      0.649642
-0.009      0.108674      0.534533      0.643208
-0.0089      0.108808      0.52774      0.636548
-0.0088      0.108944      0.520716      0.62966
-0.0087      0.10908      0.51346      0.62254
-0.0086      0.109217      0.505971      0.615187
-0.0085      0.109354      0.498247      0.607601
-0.0084      0.109491      0.490289      0.59978
-0.0083      0.109628      0.482099      0.591726
-0.0082      0.109764      0.473678      0.583442
-0.0081      0.109899      0.465031      0.57493
-0.008      0.110033      0.456162      0.566195
-0.0079      0.110165      0.447078      0.557243
-0.0078      0.110295      0.437786      0.548081
-0.0077      0.110423      0.428295      0.538719
-0.0076      0.110549      0.418616      0.529165
-0.0075      0.110671      0.408761      0.519432
-0.0074      0.110791      0.398744      0.509534
-0.0073      0.110907      0.388579      0.499486
-0.0072      0.111019      0.378285      0.489305
-0.0071      0.111128      0.36788      0.479008
-0.007      0.111233      0.357385      0.468618
-0.0069      0.111333      0.346821      0.458154
-0.0068      0.111429      0.336212      0.447641
-0.0067      0.111521      0.325583      0.437104
-0.0066      0.111608      0.314961      0.426569
-0.0065      0.111691      0.304373      0.416063
-0.0064      0.111769      0.293847      0.405616
-0.0063      0.111842      0.283414      0.395256
-0.0062      0.111911      0.273104      0.385015
-0.0061      0.111975      0.262946      0.374922
-0.006      0.112035      0.252973      0.365008
-0.0059      0.112091      0.243214      0.355304
-0.0058      0.112142      0.233699      0.345841
-0.0057      0.11219      0.224458      0.336647
-0.0056      0.112234      0.215518      0.327751
-0.0055      0.112274      0.206905      0.319179
-0.0054      0.112311      0.198645      0.310956
-0.0053      0.112345      0.190759      0.303104
-0.0052      0.112376      0.183267      0.295643
-0.0051      0.112404      0.176185      0.288589
-0.005      0.11243      0.169526      0.281956
