-0.025      0.122665      1.18196      1.30462
-0.025      0.122665      1.18196      1.30462
-0.0249      0.122665      1.177      1.29966
-0.0248      0.122665      1.17209      1.29475
-0.0247      0.122666      1.16724      1.2899
-0.0246      0.122666      1.16244      1.28511
-0.0245      0.122667      1.1577      1.28037
-0.0244      0.122667      1.15302      1.27568
-0.0243      0.122667      1.14838      1.27105
-0.0242      0.122668      1.1438      1.26647
-0.0241      0.122668      1.13928      1.26194
-0.024      0.122669      1.1348      1.25747
-0.0239      0.122669      1.13038      1.25304
-0.0238      0.12267      1.126      1.24867
-0.0237      0.122671      1.12168      1.24435
-0.0236      0.122671      1.1174      1.24007
-0.0235      0.122672      1.11318      1.23585
-0.0234      0.122673      1.109      1.23167
-0.0233      0.122674      1.10487      1.22754
-0.0232      0.122675      1.10078      1.22346
-0.0231      0.122676      1.09675      1.21942
-0.023      0.122677      1.09276      1.21543
-0.0229      0.122679      1.08881      1.21149
-0.0228      0.12268      1.08491      1.20759
-0.0227      0.122682      1.08106      1.20374
-0.0226      0.122684      1.07724      1.19993
-0.0225      0.122686      1.07347      1.19616
-0.0224      0.122688      1.06975      1.19244
-0.0223      0.12269      1.06606      1.18875
-0.0222      0.122693      1.06242      1.18512
-0.0221      0.122696      1.05882      1.18152
-0.022      0.122699      1.05526      1.17796
-0.0219      0.122702      1.05174      1.17444
-0.0218      0.122706      1.04826      1.17097
-0.0217      0.122709      1.04482      1.16753
-0.0216      0.122713      1.04142      1.16413
-0.0215      0.122718      1.03806      1.16078
-0.0214      0.122723      1.03473      1.15746
-0.0213      0.122728      1.03145      1.15417
-0.0212      0.122733      1.02819      1.15093
-0.0211      0.122739      1.02498      1.14772
-0.021      0.122745      1.0218      1.14455
-0.0209      0.122752      1.01866      1.14141
-0.0208      0.122759      1.01555      1.13831
-0.0207      0.122767      1.01248      1.13525
-0.0206      0.122775      1.00944      1.13222
-0.0205      0.122784      1.00644      1.12922
-0.0204      0.122793      1.00346      1.12626
-0.0203      0.122803      1.00052      1.12333
-0.0202      0.122813      0.997616      1.12043
-0.0201      0.122824      0.99474      1.11756
-0.02      0.122836      0.991894      1.11473
-0.0199      0.122848      0.989079      1.11193
-0.0198      0.122862      0.986293      1.10915
-0.0197      0.122875      0.983537      1.10641
-0.0196      0.12289      0.980809      1.1037
-0.0195      0.122906      0.978109      1.10101
-0.0194      0.122922      0.975435      1.09836
-0.0193      0.12294      0.972789      1.09573
-0.0192      0.122958      0.970168      1.09313
-0.0191      0.122978      0.967572      1.09055
-0.019      0.122998      0.965      1.088
-0.0189      0.12302      0.962452      1.08547
-0.0188      0.123042      0.959927      1.08297
-0.0187      0.123066      0.957423      1.08049
-0.0186      0.123091      0.95494      1.07803
-0.0185      0.123117      0.952478      1.0756
-0.0184      0.123145      0.950034      1.07318
-0.0183      0.123174      0.947609      1.07078
-0.0182      0.123204      0.945201      1.0684
-0.0181      0.123236      0.942808      1.06604
-0.018      0.123269      0.940431      1.0637
-0.0179      0.123304      0.938067      1.06137
-0.0178      0.123341      0.935716      1.05906
-0.0177      0.123379      0.933376      1.05676
-0.0176      0.123419      0.931046      1.05447
-0.0175      0.12346      0.928725      1.05219
-0.0174      0.123504      0.926411      1.04991
-0.0173      0.123549      0.924103      1.04765
-0.0172      0.123596      0.921799      1.04539
-0.0171      0.123645      0.919498      1.04314
-0.017      0.123696      0.917197      1.04089
-0.0169      0.123749      0.914896      1.03865
-0.0168      0.123804      0.912593      1.0364
-0.0167      0.123862      0.910285      1.03415
-0.0166      0.123921      0.907971      1.03189
-0.0165      0.123983      0.905649      1.02963
-0.0164      0.124047      0.903316      1.02736
-0.0163      0.124114      0.900971      1.02509
-0.0162      0.124183      0.898612      1.02279
-0.0161      0.124254      0.896235      1.02049
-0.016      0.124328      0.89384      1.01817
-0.0159      0.124404      0.891422      1.01583
-0.0158      0.124483      0.88898      1.01346
-0.0157      0.124565      0.886512      1.01108
-0.0156      0.124649      0.884013      1.00866
-0.0155      0.124735      0.881483      1.00622
-0.0154      0.124825      0.878917      1.00374
-0.0153      0.124917      0.876313      1.00123
-0.0152      0.125012      0.873668      0.99868
-0.0151      0.12511      0.870978      0.996088
-0.015      0.12521      0.868241      0.993451
-0.0149      0.125313      0.865453      0.990766
-0.0148      0.125419      0.862611      0.98803
-0.0147      0.125528      0.859711      0.985239
-0.0146      0.12564      0.85675      0.98239
-0.0145      0.125754      0.853724      0.979479
-0.0144      0.125872      0.85063      0.976501
-0.0143      0.125992      0.847463      0.973455
-0.0142      0.126115      0.84422      0.970334
-0.0141      0.12624      0.840897      0.967137
-0.014      0.126369      0.837489      0.963858
-0.0139      0.1265      0.833994      0.960494
-0.0138      0.126633      0.830406      0.95704
-0.0137      0.12677      0.826722      0.953492
-0.0136      0.126909      0.822938      0.949846
-0.0135      0.12705      0.819048      0.946098
-0.0134      0.127194      0.815049      0.942244
-0.0133      0.127341      0.810937      0.938278
-0.0132      0.12749      0.806707      0.934196
-0.0131      0.127641      0.802355      0.929995
-0.013      0.127794      0.797876      0.92567
-0.0129      0.127949      0.793267      0.921216
-0.0128      0.128107      0.788522      0.916629
-0.0127      0.128266      0.783639      0.911905
-0.0126      0.128427      0.778611      0.907039
-0.0125      0.12859      0.773437      0.902027
-0.0124      0.128755      0.76811      0.896865
-0.0123      0.128921      0.762628      0.891549
-0.0122      0.129088      0.756987      0.886075
-0.0121      0.129257      0.751182      0.880439
-0.012      0.129427      0.745211      0.874638
-0.0119      0.129598      0.73907      0.868667
-0.0118      0.12977      0.732755      0.862525
-0.0117      0.129942      0.726264      0.856207
-0.0116      0.130115      0.719595      0.84971
-0.0115      0.130289      0.712744      0.843033
-0.0114      0.130463      0.70571      0.836173
-0.0113      0.130637      0.69849      0.829127
-0.0112      0.130811      0.691084      0.821895
-0.0111      0.130984      0.68349      0.814475
-0.011      0.131158      0.675707      0.806865
-0.0109      0.131331      0.667736      0.799067
-0.0108      0.131504      0.659575      0.791079
-0.0107      0.131675      0.651227      0.782902
-0.0106      0.131846      0.642692      0.774538
-0.0105      0.132016      0.633971      0.765987
-0.0104      0.132185      0.625068      0.757253
-0.0103      0.132352      0.615985      0.748337
-0.0102      0.132518      0.606725      0.739243
-0.0101      0.132683      0.597293      0.729976
-0.01      0.132845      0.587694      0.720539
-0.0099      0.133006      0.577933      0.710939
-0.0098      0.133165      0.568017      0.701182
-0.0097      0.133322      0.557952      0.691274
-0.0096      0.133476      0.547747      0.681223
-0.0095      0.133629      0.53741      0.671039
-0.0094      0.133779      0.52695      0.660729
-0.0093      0.133927      0.516378      0.650305
-0.0092      0.134073      0.505705      0.639778
-0.0091      0.134216      0.494942      0.629158
-0.009      0.134356      0.484103      0.618459
-0.0089      0.134494      0.473199      0.607693
-0.0088      0.134629      0.462247      0.596876
-0.0087      0.134762      0.451259      0.586021
-0.0086      0.134892      0.440253      0.575145
-0.0085      0.13502      0.429243      0.564263
-0.0084      0.135145      0.418248      0.553393
-0.0083      0.135268      0.407283      0.542551
-0.0082      0.135388      0.396368      0.531756
-0.0081      0.135506      0.38552      0.521026
-0.008      0.135621      0.374757      0.510379
-0.0079      0.135735      0.364099      0.499834
-0.0078      0.135846      0.353565      0.489411
-0.0077      0.135955      0.343173      0.479128
-0.0076      0.136061      0.332943      0.469004
-0.0075      0.136166      0.322892      0.459059
-0.0074      0.13627      0.31304      0.44931
-0.0073      0.136371      0.303405      0.439776
-0.0072      0.136471      0.294003      0.430474
-0.0071      0.136569      0.284851      0.421421
-0.007      0.136667      0.275966      0.412633
-0.0069      0.136762      0.267362      0.404124
-0.0068      0.136857      0.259053      0.39591
-0.0067      0.136951      0.25105      0.388001
-0.0066      0.137044      0.243366      0.38041
-0.0065      0.137136      0.23601      0.373145
-0.0064      0.137227      0.228989      0.366216
-0.0063      0.137318      0.22231      0.359628
-0.0062      0.137408      0.215977      0.353385
-0.0061      0.137498      0.209994      0.347492
-0.006      0.137588      0.20436      0.341948
-0.0059      0.137677      0.199075      0.336752
-0.0058      0.137767      0.194136      0.331902
-0.0057      0.137856      0.189537      0.327393
-0.0056      0.137945      0.185273      0.323218
-0.0055      0.138035      0.181335      0.319369
-0.0054      0.138124      0.177712      0.315836
-0.0053      0.138214      0.174393      0.312607
-0.0052      0.138303      0.171366      0.309669
-0.0051      0.138393      0.168616      0.30701
-0.005      0.138484      0.166129      0.304612
