-0.04      0.157113      2.86575      3.02286
-0.04      0.157113      2.86575      3.02286
-0.039875      0.157185      2.84808      3.00526
-0.03975      0.157256      2.83057      2.98782
-0.039625      0.157328      2.81321      2.97054
-0.0395      0.157399      2.79602      2.95342
-0.039375      0.157471      2.77898      2.93645
-0.03925      0.157542      2.76209      2.91963
-0.039125      0.157614      2.74536      2.90298
-0.039      0.157685      2.72879      2.88648
-0.038875      0.157756      2.71237      2.87013
-0.03875      0.157828      2.69611      2.85394
-0.038625      0.157899      2.68      2.8379
-0.0385      0.15797      2.66405      2.82202
-0.038375      0.158042      2.64824      2.80628
-0.03825      0.158113      2.63259      2.79071
-0.038125      0.158185      2.6171      2.77528
-0.038      0.158257      2.60175      2.76001
-0.037875      0.158328      2.58656      2.74488
-0.03775      0.1584      2.57151      2.72991
-0.037625      0.158472      2.55662      2.71509
-0.0375      0.158544      2.54187      2.70042
-0.037375      0.158616      2.52728      2.68589
-0.03725      0.158688      2.51283      2.67152
-0.037125      0.15876      2.49853      2.65729
-0.037      0.158833      2.48438      2.64321
-0.036875      0.158905      2.47037      2.62927
-0.03675      0.158978      2.45651      2.61548
-0.036625      0.159051      2.44279      2.60184
-0.0365      0.159124      2.42921      2.58834
-0.036375      0.159198      2.41578      2.57498
-0.03625      0.159271      2.40249      2.56177
-0.036125      0.159345      2.38935      2.54869
-0.036      0.159419      2.37634      2.53576
-0.035875      0.159493      2.36347      2.52297
-0.03575      0.159568      2.35075      2.51031
-0.035625      0.159642      2.33816      2.4978
-0.0355      0.159717      2.3257      2.48542
-0.035375      0.159792      2.31339      2.47318
-0.03525      0.159868      2.30121      2.46107
-0.035125      0.159944      2.28916      2.4491
-0.035      0.16002      2.27725      2.43727
-0.034875      0.160096      2.26547      2.42557
-0.03475      0.160173      2.25382      2.41399
-0.034625      0.16025      2.2423      2.40256
-0.0345      0.160328      2.23092      2.39125
-0.034375      0.160406      2.21966      2.38007
-0.03425      0.160484      2.20853      2.36901
-0.034125      0.160563      2.19753      2.35809
-0.034      0.160642      2.18665      2.34729
-0.033875      0.160721      2.1759      2.33662
-0.03375      0.160801      2.16527      2.32607
-0.033625      0.160882      2.15477      2.31565
-0.0335      0.160963      2.14438      2.30535
-0.033375      0.161044      2.13412      2.29517
-0.03325      0.161126      2.12398      2.28511
-0.033125      0.161209      2.11395      2.27516
-0.033      0.161292      2.10405      2.26534
-0.032875      0.161375      2.09426      2.25563
-0.03275      0.161459      2.08458      2.24604
-0.032625      0.161544      2.07502      2.23657
-0.0325      0.161629      2.06558      2.22721
-0.032375      0.161715      2.05624      2.21796
-0.03225      0.161802      2.04702      2.20882
-0.032125      0.161889      2.0379      2.19979
-0.032      0.161977      2.02889      2.19087
-0.031875      0.162065      2.01999      2.18206
-0.03175      0.162154      2.0112      2.17335
-0.031625      0.162244      2.00251      2.16476
-0.0315      0.162335      1.99393      2.15626
-0.031375      0.162427      1.98544      2.14787
-0.03125      0.162519      1.97706      2.13958
-0.031125      0.162612      1.96878      2.13139
-0.031      0.162706      1.96059      2.1233
-0.030875      0.162801      1.95251      2.11531
-0.03075      0.162897      1.94452      2.10741
-0.030625      0.162994      1.93662      2.09961
-0.0305      0.163091      1.92882      2.09191
-0.030375      0.16319      1.9211      2.08429
-0.03025      0.163289      1.91348      2.07677
-0.030125      0.16339      1.90595      2.06934
-0.03      0.163492      1.8985      2.062
-0.029875      0.163594      1.89115      2.05474
-0.02975      0.163698      1.88387      2.04757
-0.029625      0.163803      1.87668      2.04048
-0.0295      0.163909      1.86957      2.03348
-0.029375      0.164017      1.86254      2.02656
-0.02925      0.164125      1.85559      2.01972
-0.029125      0.164235      1.84872      2.01295
-0.029      0.164347      1.84192      2.00627
-0.028875      0.164459      1.83519      1.99965
-0.02875      0.164573      1.82854      1.99311
-0.028625      0.164688      1.82196      1.98665
-0.0285      0.164805      1.81545      1.98025
-0.028375      0.164923      1.809      1.97392
-0.02825      0.165043      1.80262      1.96766
-0.028125      0.165164      1.7963      1.96147
-0.028      0.165287      1.79005      1.95534
-0.027875      0.165412      1.78385      1.94926
-0.02775      0.165538      1.77772      1.94325
-0.027625      0.165666      1.77163      1.9373
-0.0275      0.165795      1.76561      1.9314
-0.027375      0.165927      1.75963      1.92556
-0.02725      0.16606      1.75371      1.91977
-0.027125      0.166196      1.74783      1.91403
-0.027      0.166333      1.742      1.90834
-0.026875      0.166472      1.73622      1.90269
-0.02675      0.166613      1.73047      1.89709
-0.026625      0.166756      1.72477      1.89152
-0.0265      0.166902      1.7191      1.886
-0.026375      0.167049      1.71347      1.88052
-0.02625      0.167199      1.70787      1.87507
-0.026125      0.167351      1.7023      1.86965
-0.026      0.167505      1.69676      1.86427
-0.025875      0.167662      1.69124      1.85891
-0.02575      0.167821      1.68575      1.85357
-0.025625      0.167983      1.68028      1.84826
-0.0255      0.168147      1.67483      1.84297
-0.025375      0.168314      1.66939      1.8377
-0.02525      0.168483      1.66396      1.83244
-0.025125      0.168655      1.65854      1.8272
-0.025      0.168829      1.65314      1.82196
-0.024875      0.169007      1.64773      1.81674
-0.02475      0.169187      1.64233      1.81151
-0.024625      0.16937      1.63692      1.80629
-0.0245      0.169556      1.63151      1.80106
-0.024375      0.169745      1.62609      1.79583
-0.02425      0.169937      1.62066      1.7906
-0.024125      0.170132      1.61521      1.78535
-0.024      0.17033      1.60975      1.78008
-0.023875      0.170531      1.60427      1.7748
-0.02375      0.170735      1.59876      1.7695
-0.023625      0.170942      1.59323      1.76417
-0.0235      0.171153      1.58767      1.75882
-0.023375      0.171367      1.58207      1.75343
-0.02325      0.171585      1.57643      1.74801
-0.023125      0.171805      1.57075      1.74256
-0.023      0.172029      1.56503      1.73706
-0.022875      0.172257      1.55926      1.73151
-0.02275      0.172488      1.55343      1.72592
-0.022625      0.172723      1.54755      1.72027
-0.0225      0.172961      1.54161      1.71457
-0.022375      0.173202      1.5356      1.7088
-0.02225      0.173447      1.52953      1.70297
-0.022125      0.173696      1.52338      1.69708
-0.022      0.173948      1.51716      1.69111
-0.021875      0.174204      1.51086      1.68506
-0.02175      0.174464      1.50447      1.67893
-0.021625      0.174727      1.498      1.67272
-0.0215      0.174994      1.49143      1.66642
-0.021375      0.175264      1.48477      1.66003
-0.02125      0.175538      1.47801      1.65354
-0.021125      0.175816      1.47114      1.64695
-0.021      0.176097      1.46416      1.64026
-0.020875      0.176382      1.45707      1.63346
-0.02075      0.17667      1.44987      1.62654
-0.020625      0.176962      1.44254      1.6195
-0.0205      0.177258      1.43509      1.61235
-0.020375      0.177557      1.42751      1.60507
-0.02025      0.17786      1.4198      1.59766
-0.020125      0.178166      1.41195      1.59011
-0.02      0.178475      1.40395      1.58243
-0.019875      0.178788      1.39582      1.57461
-0.01975      0.179104      1.38753      1.56664
-0.019625      0.179423      1.3791      1.55852
-0.0195      0.179746      1.37051      1.55025
-0.019375      0.180071      1.36175      1.54183
-0.01925      0.1804      1.35284      1.53324
-0.019125      0.180732      1.34376      1.52449
-0.019      0.181066      1.33451      1.51558
-0.018875      0.181404      1.32509      1.50649
-0.01875      0.181744      1.3155      1.49724
-0.018625      0.182087      1.30572      1.48781
-0.0185      0.182432      1.29577      1.4782
-0.018375      0.18278      1.28563      1.46842
-0.01825      0.183131      1.27532      1.45845
-0.018125      0.183483      1.26481      1.44829
-0.018      0.183838      1.25412      1.43796
-0.017875      0.184195      1.24324      1.42743
-0.01775      0.184554      1.23217      1.41672
-0.017625      0.184914      1.2209      1.40582
-0.0175      0.185277      1.20945      1.39473
-0.017375      0.185641      1.19781      1.38345
-0.01725      0.186006      1.18597      1.37198
-0.017125      0.186373      1.17395      1.36032
-0.017      0.186741      1.16173      1.34847
-0.016875      0.18711      1.14933      1.33644
-0.01675      0.18748      1.13674      1.32422
-0.016625      0.18785      1.12397      1.31182
-0.0165      0.188222      1.11101      1.29924
-0.016375      0.188594      1.09788      1.28648
-0.01625      0.188967      1.08457      1.27354
-0.016125      0.18934      1.07109      1.26043
-0.016      0.189713      1.05744      1.24716
-0.015875      0.190086      1.04364      1.23372
-0.01575      0.190459      1.02967      1.22013
-0.015625      0.190832      1.01555      1.20638
-0.0155      0.191204      1.00129      1.1925
-0.015375      0.191577      0.986892      1.17847
-0.01525      0.191948      0.972363      1.16431
-0.015125      0.192319      0.957712      1.15003
-0.015      0.19269      0.942947      1.13564
-0.014875      0.193059      0.928078      1.12114
-0.01475      0.193428      0.913114      1.10654
-0.014625      0.193795      0.898065      1.09186
-0.0145      0.194161      0.882941      1.0771
-0.014375      0.194527      0.867754      1.06228
-0.01425      0.194891      0.852515      1.04741
-0.014125      0.195253      0.837237      1.03249
-0.014      0.195615      0.821931      1.01755
-0.013875      0.195974      0.806611      1.00259
-0.01375      0.196333      0.791291      0.987623
-0.013625      0.19669      0.775983      0.972672
-0.0135      0.197045      0.760702      0.957747
-0.013375      0.197399      0.745462      0.942861
-0.01325      0.197751      0.730278      0.92803
-0.013125      0.198102      0.715165      0.913267
-0.013      0.198451      0.700139      0.89859
-0.012875      0.198799      0.685213      0.884012
-0.01275      0.199145      0.670404      0.869549
-0.012625      0.19949      0.655727      0.855217
-0.0125      0.199833      0.641198      0.841031
-0.012375      0.200175      0.626832      0.827006
-0.01225      0.200515      0.612643      0.813159
-0.012125      0.200854      0.598648      0.799502
-0.012      0.201192      0.584861      0.786053
-0.011875      0.201529      0.571296      0.772825
-0.01175      0.201865      0.557968      0.759833
-0.011625      0.202199      0.54489      0.747089
-0.0115      0.202533      0.532076      0.734608
-0.011375      0.202866      0.519537      0.722403
-0.01125      0.203198      0.507286      0.710484
-0.011125      0.203529      0.495335      0.698864
-0.011      0.20386      0.483693      0.687553
-0.010875      0.20419      0.472371      0.676561
-0.01075      0.204521      0.461376      0.665897
-0.010625      0.20485      0.450717      0.655568
-0.0105      0.20518      0.440401      0.645581
-0.010375      0.20551      0.430433      0.635943
-0.01025      0.205839      0.420819      0.626658
-0.010125      0.206169      0.411561      0.61773
-0.01      0.206499      0.402662      0.609161
