-0.016      0.0815764      0.550137      0.631714
-0.016      0.0815764      0.550137      0.631714
-0.01593      0.0815044      0.547877      0.629382
-0.01586      0.0814318      0.545638      0.62707
-0.01579      0.0813587      0.543419      0.624778
-0.01572      0.081285      0.54122      0.622505
-0.01565      0.0812108      0.539042      0.620253
-0.01558      0.081136      0.536885      0.61802
-0.01551      0.0810606      0.534747      0.615807
-0.01544      0.0809848      0.532629      0.613613
-0.01537      0.0809084      0.53053      0.611439
-0.0153      0.0808316      0.528451      0.609283
-0.01523      0.0807542      0.526392      0.607146
-0.01516      0.0806764      0.524351      0.605028
-0.01509      0.080598      0.52233      0.602928
-0.01502      0.0805192      0.520327      0.600846
-0.01495      0.08044      0.518343      0.598783
-0.01488      0.0803603      0.516377      0.596737
-0.01481      0.0802802      0.514429      0.59471
-0.01474      0.0801997      0.5125      0.592699
-0.01467      0.0801187      0.510587      0.590706
-0.0146      0.0800374      0.508693      0.58873
-0.01453      0.0799557      0.506816      0.586771
-0.01446      0.0798736      0.504955      0.584829
-0.01439      0.0797911      0.503112      0.582903
-0.01432      0.0797083      0.501285      0.580993
-0.01425      0.0796252      0.499474      0.579099
-0.01418      0.0795417      0.497679      0.577221
-0.01411      0.0794579      0.495901      0.575359
-0.01404      0.0793738      0.494137      0.573511
-0.01397      0.0792895      0.49239      0.571679
-0.0139      0.0792048      0.490657      0.569862
-0.01383      0.0791199      0.488939      0.568059
-0.01376      0.0790347      0.487235      0.56627
-0.01369      0.0789492      0.485546      0.564495
-0.01362      0.0788635      0.483871      0.562734
-0.01355      0.0787776      0.482209      0.560987
-0.01348      0.0786915      0.480561      0.559253
-0.01341      0.0786052      0.478927      0.557532
-0.01334      0.0785186      0.477305      0.555823
-0.01327      0.0784319      0.475695      0.554127
-0.0132      0.078345      0.474099      0.552444
-0.01313      0.0782579      0.472514      0.550772
-0.01306      0.0781706      0.470941      0.549111
-0.01299      0.0780832      0.469379      0.547463
-0.01292      0.0779957      0.467829      0.545825
-0.01285      0.0779079      0.46629      0.544198
-0.01278      0.0778201      0.464762      0.542582
-0.01271      0.0777321      0.463244      0.540976
-0.01264      0.0776439      0.461736      0.53938
-0.01257      0.0775557      0.460239      0.537794
-0.0125      0.0774673      0.458751      0.536218
-0.01243      0.0773788      0.457272      0.534651
-0.01236      0.0772901      0.455803      0.533093
-0.01229      0.0772014      0.454343      0.531544
-0.01222      0.0771125      0.452891      0.530004
-0.01215      0.0770235      0.451448      0.528471
-0.01208      0.0769343      0.450013      0.526947
-0.01201      0.0768451      0.448586      0.525431
-0.01194      0.0767557      0.447167      0.523923
-0.01187      0.0766662      0.445756      0.522422
-0.0118      0.0765765      0.444352      0.520929
-0.01173      0.0764868      0.442955      0.519442
-0.01166      0.0763968      0.441566      0.517962
-0.01159      0.0763068      0.440183      0.51649
-0.01152      0.0762165      0.438807      0.515023
-0.01145      0.0761261      0.437437      0.513563
-0.01138      0.0760356      0.436074      0.512109
-0.01131      0.0759448      0.434717      0.510662
-0.01124      0.0758539      0.433366      0.50922
-0.01117      0.0757628      0.432021      0.507784
-0.0111      0.0756714      0.430682      0.506353
-0.01103      0.0755799      0.429349      0.504928
-0.01096      0.0754881      0.428021      0.503509
-0.01089      0.0753961      0.426699      0.502095
-0.01082      0.0753039      0.425382      0.500686
-0.01075      0.0752114      0.424071      0.499282
-0.01068      0.0751187      0.422765      0.497883
-0.01061      0.0750256      0.421464      0.49649
-0.01054      0.0749323      0.420169      0.495101
-0.01047      0.0748387      0.418878      0.493717
-0.0104      0.0747449      0.417593      0.492338
-0.01033      0.0746507      0.416313      0.490964
-0.01026      0.0745561      0.415038      0.489594
-0.01019      0.0744613      0.413768      0.488229
-0.01012      0.0743662      0.412503      0.486869
-0.01005      0.0742707      0.411243      0.485514
-0.00998      0.0741749      0.409988      0.484163
-0.00991      0.0740787      0.408738      0.482817
-0.00984      0.0739822      0.407493      0.481475
-0.00977      0.0738854      0.406253      0.480138
-0.0097      0.0737883      0.405017      0.478806
-0.00963      0.0736908      0.403787      0.477477
-0.00956      0.073593      0.402561      0.476154
-0.00949      0.0734949      0.40134      0.474835
-0.00942      0.0733965      0.400123      0.47352
-0.00935      0.0732979      0.398911      0.472209
-0.00928      0.0731989      0.397703      0.470902
-0.00921      0.0730998      0.3965      0.469599
-0.00914      0.0730004      0.3953      0.468301
-0.00907      0.0729009      0.394105      0.467005
-0.009      0.0728012      0.392913      0.465714
-0.00893      0.0727014      0.391724      0.464425
-0.00886      0.0726015      0.390538      0.46314
-0.00879      0.0725016      0.389355      0.461857
-0.00872      0.0724018      0.388174      0.460576
-0.00865      0.072302      0.386995      0.459297
-0.00858      0.0722023      0.385817      0.45802
-0.00851      0.0721029      0.38464      0.456743
-0.00844      0.0720037      0.383463      0.455467
-0.00837      0.0719049      0.382285      0.45419
-0.0083      0.0718064      0.381105      0.452912
-0.00823      0.0717085      0.379924      0.451632
-0.00816      0.0716112      0.378738      0.450349
-0.00809      0.0715146      0.377548      0.449063
-0.00802      0.0714187      0.376353      0.447771
-0.00795      0.0713238      0.37515      0.446474
-0.00788      0.0712298      0.373939      0.445169
-0.00781      0.071137      0.372718      0.443855
-0.00774      0.0710454      0.371485      0.44253
-0.00767      0.0709551      0.370239      0.441194
-0.0076      0.0708664      0.368977      0.439843
-0.00753      0.0707792      0.367697      0.438477
-0.00746      0.0706938      0.366398      0.437092
-0.00739      0.0706103      0.365077      0.435687
-0.00732      0.0705287      0.36373      0.434259
-0.00725      0.0704494      0.362356      0.432805
-0.00718      0.0703723      0.360951      0.431323
-0.00711      0.0702977      0.359512      0.42981
-0.00704      0.0702256      0.358037      0.428262
-0.00697      0.0701563      0.35652      0.426676
-0.0069      0.0700898      0.354959      0.425048
-0.00683      0.0700263      0.353349      0.423375
-0.00676      0.069966      0.351686      0.421652
-0.00669      0.0699088      0.349967      0.419876
-0.00662      0.0698551      0.348186      0.418041
-0.00655      0.0698048      0.346338      0.416142
-0.00648      0.069758      0.344418      0.414176
-0.00641      0.069715      0.342422      0.412137
-0.00634      0.0696756      0.340343      0.410019
-0.00627      0.0696401      0.338177      0.407817
-0.0062      0.0696085      0.335917      0.405525
-0.00613      0.0695807      0.333557      0.403138
-0.00606      0.0695568      0.331092      0.400649
-0.00599      0.0695369      0.328515      0.398052
-0.00592      0.0695209      0.32582      0.395341
-0.00585      0.0695087      0.323      0.392509
-0.00578      0.0695003      0.320049      0.38955
-0.00571      0.0694956      0.316962      0.386457
-0.00564      0.0694945      0.31373      0.383225
-0.00557      0.0694969      0.31035      0.379846
-0.0055      0.0695026      0.306813      0.376316
-0.00543      0.0695115      0.303115      0.372627
-0.00536      0.0695232      0.299251      0.368774
-0.00529      0.0695377      0.295214      0.364752
-0.00522      0.0695545      0.291001      0.360556
-0.00515      0.0695735      0.286608      0.356181
-0.00508      0.0695943      0.282031      0.351625
-0.00501      0.0696167      0.277267      0.346884
-0.00494      0.0696401      0.272315      0.341955
-0.00487      0.0696644      0.267175      0.336839
-0.0048      0.069689      0.261846      0.331535
-0.00473      0.0697136      0.25633      0.326044
-0.00466      0.0697378      0.250631      0.320368
-0.00459      0.0697611      0.244752      0.314513
-0.00452      0.0697832      0.2387      0.308483
-0.00445      0.0698035      0.232482      0.302285
-0.00438      0.0698218      0.226108      0.29593
-0.00431      0.0698374      0.21959      0.289427
-0.00424      0.0698502      0.21294      0.28279
-0.00417      0.0698596      0.206175      0.276034
-0.0041      0.0698653      0.199311      0.269176
-0.00403      0.069867      0.192369      0.262236
-0.00396      0.0698643      0.185369      0.255233
-0.00389      0.0698571      0.178335      0.248193
-0.00382      0.069845      0.171293      0.241138
-0.00375      0.0698279      0.16427      0.234097
-0.00368      0.0698057      0.157292      0.227098
-0.00361      0.0697781      0.150391      0.220169
-0.00354      0.0697453      0.143597      0.213342
-0.00347      0.0697072      0.136939      0.206647
-0.0034      0.0696638      0.13045      0.200114
-0.00333      0.0696152      0.124159      0.193775
-0.00326      0.0695616      0.118096      0.187658
-0.00319      0.0695033      0.112289      0.181793
-0.00312      0.0694403      0.106764      0.176204
-0.00305      0.069373      0.101544      0.170917
-0.00298      0.0693017      0.0966484      0.16595
-0.00291      0.0692268      0.0920951      0.161322
-0.00284      0.0691485      0.0878961      0.157045
-0.00277      0.0690672      0.0840594      0.153127
-0.0027      0.0689832      0.0805884      0.149572
-0.00263      0.068897      0.0774815      0.146379
-0.00256      0.0688088      0.0747325      0.143541
-0.00249      0.0687189      0.0723302      0.141049
-0.00242      0.0686277      0.0702593      0.138887
-0.00235      0.0685353      0.0685005      0.137036
-0.00228      0.0684419      0.067031      0.135473
-0.00221      0.0683476      0.0658257      0.134173
-0.00214      0.0682526      0.0648574      0.13311
-0.00207      0.0681568      0.0640983      0.132255
-0.002      0.0680601      0.0635201      0.13158
