-0.04      0.146152      2.81733      2.96348
-0.04      0.146152      2.81733      2.96348
-0.039875      0.146216      2.79779      2.944
-0.03975      0.14628      2.77844      2.92472
-0.039625      0.146344      2.75927      2.90561
-0.0395      0.146409      2.74028      2.88669
-0.039375      0.146473      2.72148      2.86795
-0.03925      0.146538      2.70286      2.84939
-0.039125      0.146603      2.68442      2.83102
-0.039      0.146669      2.66616      2.81283
-0.038875      0.146734      2.64808      2.79482
-0.03875      0.1468      2.63019      2.77699
-0.038625      0.146866      2.61248      2.75934
-0.0385      0.146932      2.59494      2.74188
-0.038375      0.146999      2.57759      2.72459
-0.03825      0.147065      2.56041      2.70748
-0.038125      0.147132      2.54342      2.69055
-0.038      0.147199      2.5266      2.6738
-0.037875      0.147267      2.50996      2.65723
-0.03775      0.147335      2.49349      2.64083
-0.037625      0.147403      2.47721      2.62461
-0.0375      0.147471      2.46109      2.60856
-0.037375      0.14754      2.44515      2.59269
-0.03725      0.147609      2.42939      2.577
-0.037125      0.147678      2.4138      2.56147
-0.037      0.147747      2.39838      2.54612
-0.036875      0.147817      2.38313      2.53095
-0.03675      0.147887      2.36805      2.51594
-0.036625      0.147958      2.35314      2.5011
-0.0365      0.148029      2.3384      2.48643
-0.036375      0.1481      2.32383      2.47193
-0.03625      0.148171      2.30943      2.4576
-0.036125      0.148243      2.29519      2.44343
-0.036      0.148316      2.28112      2.42943
-0.035875      0.148388      2.26721      2.41559
-0.03575      0.148461      2.25346      2.40192
-0.035625      0.148534      2.23987      2.38841
-0.0355      0.148608      2.22645      2.37506
-0.035375      0.148682      2.21319      2.36187
-0.03525      0.148756      2.20008      2.34884
-0.035125      0.148831      2.18714      2.33597
-0.035      0.148906      2.17434      2.32325
-0.034875      0.148982      2.16171      2.31069
-0.03475      0.149058      2.14923      2.29829
-0.034625      0.149134      2.1369      2.28604
-0.0345      0.149211      2.12473      2.27394
-0.034375      0.149288      2.1127      2.26199
-0.03425      0.149366      2.10082      2.25019
-0.034125      0.149444      2.0891      2.23854
-0.034      0.149522      2.07752      2.22704
-0.033875      0.149601      2.06608      2.21568
-0.03375      0.14968      2.05479      2.20447
-0.033625      0.14976      2.04365      2.19341
-0.0335      0.14984      2.03264      2.18248
-0.033375      0.149921      2.02178      2.1717
-0.03325      0.150002      2.01106      2.16106
-0.033125      0.150083      2.00047      2.15056
-0.033      0.150165      1.99002      2.14019
-0.032875      0.150247      1.97971      2.12996
-0.03275      0.15033      1.96953      2.11986
-0.032625      0.150414      1.95949      2.1099
-0.0325      0.150497      1.94957      2.10007
-0.032375      0.150581      1.93979      2.09037
-0.03225      0.150666      1.93013      2.0808
-0.032125      0.150751      1.92061      2.07136
-0.032      0.150837      1.91121      2.06204
-0.031875      0.150923      1.90193      2.05285
-0.03175      0.15101      1.89278      2.04379
-0.031625      0.151097      1.88375      2.03484
-0.0315      0.151184      1.87484      2.02602
-0.031375      0.151273      1.86605      2.01732
-0.03125      0.151361      1.85737      2.00873
-0.031125      0.151451      1.84882      2.00027
-0.031      0.15154      1.84038      1.99192
-0.030875      0.151631      1.83205      1.98368
-0.03075      0.151721      1.82383      1.97555
-0.030625      0.151813      1.81573      1.96754
-0.0305      0.151905      1.80773      1.95964
-0.030375      0.151997      1.79984      1.95184
-0.03025      0.15209      1.79206      1.94415
-0.030125      0.152184      1.78439      1.93657
-0.03      0.152278      1.77681      1.92909
-0.029875      0.152373      1.76934      1.92171
-0.02975      0.152469      1.76197      1.91444
-0.029625      0.152565      1.7547      1.90726
-0.0295      0.152662      1.74753      1.90019
-0.029375      0.152759      1.74045      1.89321
-0.02925      0.152857      1.73346      1.88632
-0.029125      0.152956      1.72657      1.87953
-0.029      0.153055      1.71977      1.87283
-0.028875      0.153156      1.71307      1.86622
-0.02875      0.153257      1.70645      1.8597
-0.028625      0.153358      1.69991      1.85327
-0.0285      0.153461      1.69346      1.84692
-0.028375      0.153564      1.6871      1.84066
-0.02825      0.153668      1.68082      1.83448
-0.028125      0.153773      1.67461      1.82839
-0.028      0.153879      1.66849      1.82237
-0.027875      0.153985      1.66245      1.81643
-0.02775      0.154093      1.65648      1.81057
-0.027625      0.154201      1.65058      1.80478
-0.0275      0.15431      1.64475      1.79907
-0.027375      0.154421      1.639      1.79342
-0.02725      0.154532      1.63332      1.78785
-0.027125      0.154644      1.6277      1.78234
-0.027      0.154757      1.62215      1.77691
-0.026875      0.154872      1.61666      1.77153
-0.02675      0.154987      1.61123      1.76622
-0.026625      0.155103      1.60587      1.76097
-0.0265      0.155221      1.60056      1.75578
-0.026375      0.15534      1.59531      1.75065
-0.02625      0.15546      1.59011      1.74557
-0.026125      0.155581      1.58496      1.74054
-0.026      0.155704      1.57987      1.73557
-0.025875      0.155828      1.57482      1.73065
-0.02575      0.155953      1.56982      1.72578
-0.025625      0.156079      1.56487      1.72095
-0.0255      0.156207      1.55995      1.71616
-0.025375      0.156337      1.55508      1.71142
-0.02525      0.156468      1.55025      1.70672
-0.025125      0.1566      1.54545      1.70205
-0.025      0.156734      1.54069      1.69742
-0.024875      0.15687      1.53595      1.69282
-0.02475      0.157007      1.53125      1.68825
-0.024625      0.157146      1.52657      1.68372
-0.0245      0.157287      1.52192      1.6792
-0.024375      0.157429      1.51729      1.67472
-0.02425      0.157573      1.51267      1.67025
-0.024125      0.15772      1.50808      1.6658
-0.024      0.157868      1.5035      1.66137
-0.023875      0.158018      1.49893      1.65695
-0.02375      0.15817      1.49437      1.65254
-0.023625      0.158324      1.48982      1.64814
-0.0235      0.15848      1.48527      1.64375
-0.023375      0.158639      1.48072      1.63936
-0.02325      0.158799      1.47617      1.63497
-0.023125      0.158962      1.47161      1.63057
-0.023      0.159128      1.46705      1.62617
-0.022875      0.159295      1.46247      1.62176
-0.02275      0.159465      1.45788      1.61734
-0.022625      0.159637      1.45327      1.61291
-0.0225      0.159812      1.44864      1.60845
-0.022375      0.159989      1.44399      1.60398
-0.02225      0.160169      1.4393      1.59947
-0.022125      0.160352      1.43459      1.59494
-0.022      0.160537      1.42984      1.59038
-0.021875      0.160725      1.42506      1.58578
-0.02175      0.160916      1.42023      1.58115
-0.021625      0.161109      1.41536      1.57647
-0.0215      0.161305      1.41043      1.57174
-0.021375      0.161505      1.40546      1.56696
-0.02125      0.161707      1.40042      1.56213
-0.021125      0.161912      1.39533      1.55724
-0.021      0.16212      1.39017      1.55229
-0.020875      0.162331      1.38494      1.54727
-0.02075      0.162545      1.37964      1.54218
-0.020625      0.162762      1.37426      1.53702
-0.0205      0.162982      1.3688      1.53178
-0.020375      0.163206      1.36325      1.52646
-0.02025      0.163432      1.35761      1.52104
-0.020125      0.163662      1.35188      1.51554
-0.02      0.163895      1.34605      1.50994
-0.019875      0.164131      1.34011      1.50424
-0.01975      0.16437      1.33407      1.49844
-0.019625      0.164613      1.32791      1.49253
-0.0195      0.164859      1.32164      1.4865
-0.019375      0.165108      1.31524      1.48035
-0.01925      0.16536      1.30872      1.47408
-0.019125      0.165615      1.30207      1.46769
-0.019      0.165874      1.29529      1.46116
-0.018875      0.166136      1.28836      1.45449
-0.01875      0.166401      1.28129      1.44769
-0.018625      0.166669      1.27407      1.44074
-0.0185      0.166941      1.2667      1.43364
-0.018375      0.167215      1.25917      1.42638
-0.01825      0.167493      1.25148      1.41897
-0.018125      0.167773      1.24362      1.41139
-0.018      0.168057      1.23559      1.40365
-0.017875      0.168343      1.22739      1.39573
-0.01775      0.168633      1.21901      1.38764
-0.017625      0.168925      1.21045      1.37938
-0.0175      0.16922      1.20171      1.37093
-0.017375      0.169517      1.19277      1.36229
-0.01725      0.169818      1.18365      1.35346
-0.017125      0.170121      1.17433      1.34445
-0.017      0.170426      1.16481      1.33523
-0.016875      0.170734      1.15509      1.32582
-0.01675      0.171044      1.14517      1.31621
-0.016625      0.171356      1.13504      1.3064
-0.0165      0.17167      1.12471      1.29638
-0.016375      0.171987      1.11417      1.28615
-0.01625      0.172305      1.10342      1.27572
-0.016125      0.172625      1.09246      1.26508
-0.016      0.172947      1.08129      1.25424
-0.015875      0.173271      1.06991      1.24318
-0.01575      0.173595      1.05832      1.23191
-0.015625      0.173922      1.04652      1.22044
-0.0155      0.174249      1.03451      1.20876
-0.015375      0.174578      1.0223      1.19688
-0.01525      0.174907      1.00988      1.18479
-0.015125      0.175238      0.997269      1.17251
-0.015      0.175569      0.984455      1.16002
-0.014875      0.1759      0.971449      1.14735
-0.01475      0.176232      0.958253      1.13449
-0.014625      0.176565      0.944875      1.12144
-0.0145      0.176897      0.931319      1.10822
-0.014375      0.17723      0.917592      1.09482
-0.01425      0.177563      0.9037      1.08126
-0.014125      0.177895      0.889653      1.06755
-0.014      0.178227      0.875458      1.05368
-0.013875      0.178559      0.861124      1.03968
-0.01375      0.17889      0.846661      1.02555
-0.013625      0.179221      0.832079      1.0113
-0.0135      0.17955      0.81739      0.99694
-0.013375      0.179879      0.802605      0.982484
-0.01325      0.180207      0.787738      0.967944
-0.013125      0.180534      0.7728      0.953333
-0.013      0.180859      0.757806      0.938665
-0.012875      0.181183      0.74277      0.923953
-0.01275      0.181507      0.727706      0.909213
-0.012625      0.181828      0.712632      0.89446
-0.0125      0.182148      0.697562      0.87971
-0.012375      0.182467      0.682512      0.864979
-0.01225      0.182784      0.667501      0.850285
-0.012125      0.1831      0.652544      0.835644
-0.012      0.183414      0.63766      0.821074
-0.011875      0.183726      0.622867      0.806593
-0.01175      0.184036      0.608183      0.792219
-0.011625      0.184345      0.593625      0.777971
-0.0115      0.184653      0.579213      0.763866
-0.011375      0.184958      0.564964      0.749923
-0.01125      0.185262      0.550897      0.73616
-0.011125      0.185565      0.53703      0.722595
-0.011      0.185866      0.52338      0.709246
-0.010875      0.186165      0.509965      0.69613
-0.01075      0.186463      0.496802      0.683265
-0.010625      0.18676      0.483907      0.670666
-0.0105      0.187055      0.471295      0.65835
-0.010375      0.187349      0.458983      0.646332
-0.01025      0.187642      0.446983      0.634625
-0.010125      0.187934      0.43531      0.623244
-0.01      0.188225      0.423976      0.6122
