-0.04      0.15996      2.84925      3.00921
-0.04      0.15996      2.84925      3.00921
-0.039875      0.160057      2.83314      2.9932
-0.03975      0.160154      2.81719      2.97734
-0.039625      0.160252      2.80139      2.96164
-0.0395      0.16035      2.78574      2.94609
-0.039375      0.160448      2.77024      2.93069
-0.03925      0.160547      2.7549      2.91545
-0.039125      0.160646      2.73971      2.90036
-0.039      0.160746      2.72468      2.88542
-0.038875      0.160846      2.70979      2.87063
-0.03875      0.160947      2.69505      2.856
-0.038625      0.161048      2.68047      2.84151
-0.0385      0.16115      2.66603      2.82718
-0.038375      0.161252      2.65174      2.81299
-0.03825      0.161354      2.6376      2.79895
-0.038125      0.161457      2.62361      2.78506
-0.038      0.161561      2.60976      2.77132
-0.037875      0.161665      2.59606      2.75772
-0.03775      0.161769      2.5825      2.74427
-0.037625      0.161875      2.56909      2.73097
-0.0375      0.16198      2.55582      2.7178
-0.037375      0.162086      2.5427      2.70478
-0.03725      0.162193      2.52972      2.69191
-0.037125      0.1623      2.51687      2.67917
-0.037      0.162408      2.50417      2.66658
-0.036875      0.162517      2.49161      2.65413
-0.03675      0.162626      2.47919      2.64181
-0.036625      0.162735      2.4669      2.62964
-0.0365      0.162846      2.45475      2.6176
-0.036375      0.162957      2.44274      2.6057
-0.03625      0.163068      2.43086      2.59393
-0.036125      0.16318      2.41912      2.5823
-0.036      0.163293      2.40751      2.5708
-0.035875      0.163407      2.39603      2.55943
-0.03575      0.163521      2.38468      2.5482
-0.035625      0.163636      2.37346      2.5371
-0.0355      0.163751      2.36237      2.52612
-0.035375      0.163868      2.35141      2.51527
-0.03525      0.163985      2.34057      2.50456
-0.035125      0.164103      2.32986      2.49396
-0.035      0.164221      2.31927      2.48349
-0.034875      0.164341      2.30881      2.47315
-0.03475      0.164461      2.29847      2.46293
-0.034625      0.164582      2.28825      2.45283
-0.0345      0.164704      2.27815      2.44285
-0.034375      0.164826      2.26816      2.43299
-0.03425      0.16495      2.2583      2.42325
-0.034125      0.165074      2.24855      2.41362
-0.034      0.1652      2.23891      2.40411
-0.033875      0.165326      2.22939      2.39472
-0.03375      0.165453      2.21998      2.38543
-0.033625      0.165582      2.21068      2.37626
-0.0335      0.165711      2.20149      2.3672
-0.033375      0.165841      2.19241      2.35825
-0.03325      0.165973      2.18343      2.34941
-0.033125      0.166105      2.17456      2.34067
-0.033      0.166238      2.1658      2.33204
-0.032875      0.166373      2.15713      2.32351
-0.03275      0.166509      2.14857      2.31508
-0.032625      0.166645      2.14011      2.30675
-0.0325      0.166784      2.13174      2.29853
-0.032375      0.166923      2.12348      2.2904
-0.03225      0.167063      2.1153      2.28237
-0.032125      0.167205      2.10722      2.27443
-0.032      0.167348      2.09924      2.26658
-0.031875      0.167492      2.09134      2.25883
-0.03175      0.167638      2.08353      2.25117
-0.031625      0.167785      2.07581      2.2436
-0.0315      0.167934      2.06818      2.23611
-0.031375      0.168083      2.06063      2.22871
-0.03125      0.168235      2.05316      2.22139
-0.031125      0.168388      2.04577      2.21416
-0.031      0.168542      2.03846      2.20701
-0.030875      0.168698      2.03123      2.19993
-0.03075      0.168855      2.02408      2.19293
-0.030625      0.169014      2.017      2.18601
-0.0305      0.169175      2.00999      2.17916
-0.030375      0.169338      2.00305      2.17239
-0.03025      0.169502      1.99618      2.16568
-0.030125      0.169668      1.98938      2.15904
-0.03      0.169835      1.98264      2.15247
-0.029875      0.170005      1.97596      2.14597
-0.02975      0.170176      1.96935      2.13952
-0.029625      0.170349      1.96279      2.13314
-0.0295      0.170524      1.95629      2.12682
-0.029375      0.170701      1.94985      2.12055
-0.02925      0.17088      1.94346      2.11434
-0.029125      0.171062      1.93712      2.10818
-0.029      0.171245      1.93083      2.10207
-0.028875      0.17143      1.92458      2.09601
-0.02875      0.171617      1.91838      2.09
-0.028625      0.171807      1.91223      2.08403
-0.0285      0.171998      1.90611      2.07811
-0.028375      0.172192      1.90003      2.07222
-0.02825      0.172388      1.89399      2.06638
-0.028125      0.172586      1.88798      2.06056
-0.028      0.172787      1.882      2.05479
-0.027875      0.17299      1.87605      2.04904
-0.02775      0.173196      1.87012      2.04332
-0.027625      0.173403      1.86423      2.03763
-0.0275      0.173614      1.85835      2.03196
-0.027375      0.173826      1.85249      2.02631
-0.02725      0.174042      1.84664      2.02069
-0.027125      0.174259      1.84082      2.01508
-0.027      0.17448      1.835      2.00948
-0.026875      0.174703      1.82919      2.00389
-0.02675      0.174928      1.82339      1.99832
-0.026625      0.175156      1.81759      1.99274
-0.0265      0.175387      1.81179      1.98718
-0.026375      0.175621      1.80599      1.98161
-0.02625      0.175857      1.80018      1.97604
-0.026125      0.176096      1.79437      1.97046
-0.026      0.176337      1.78854      1.96488
-0.025875      0.176582      1.78271      1.95929
-0.02575      0.176829      1.77685      1.95368
-0.025625      0.177079      1.77098      1.94806
-0.0255      0.177332      1.76508      1.94241
-0.025375      0.177587      1.75916      1.93675
-0.02525      0.177846      1.75321      1.93105
-0.025125      0.178107      1.74723      1.92533
-0.025      0.178371      1.74121      1.91958
-0.024875      0.178638      1.73515      1.91379
-0.02475      0.178908      1.72906      1.90796
-0.024625      0.17918      1.72292      1.9021
-0.0245      0.179456      1.71673      1.89618
-0.024375      0.179734      1.71049      1.89022
-0.02425      0.180015      1.70419      1.88421
-0.024125      0.180299      1.69784      1.87814
-0.024      0.180586      1.69143      1.87201
-0.023875      0.180876      1.68495      1.86583
-0.02375      0.181168      1.6784      1.85957
-0.023625      0.181463      1.67179      1.85325
-0.0235      0.181761      1.6651      1.84686
-0.023375      0.182062      1.65833      1.84039
-0.02325      0.182365      1.65147      1.83384
-0.023125      0.182672      1.64454      1.82721
-0.023      0.18298      1.63751      1.82049
-0.022875      0.183292      1.63039      1.81369
-0.02275      0.183606      1.62318      1.80679
-0.022625      0.183922      1.61587      1.79979
-0.0225      0.184242      1.60845      1.7927
-0.022375      0.184563      1.60093      1.7855
-0.02225      0.184887      1.5933      1.77819
-0.022125      0.185214      1.58556      1.77077
-0.022      0.185542      1.5777      1.76324
-0.021875      0.185873      1.56972      1.7556
-0.02175      0.186207      1.56162      1.74783
-0.021625      0.186542      1.55339      1.73994
-0.0215      0.18688      1.54504      1.73192
-0.021375      0.18722      1.53655      1.72377
-0.02125      0.187561      1.52792      1.71548
-0.021125      0.187905      1.51916      1.70706
-0.021      0.188251      1.51025      1.6985
-0.020875      0.188598      1.5012      1.6898
-0.02075      0.188947      1.492      1.68095
-0.020625      0.189298      1.48266      1.67195
-0.0205      0.18965      1.47316      1.66281
-0.020375      0.190004      1.4635      1.6535
-0.02025      0.190359      1.45369      1.64405
-0.020125      0.190716      1.44371      1.63443
-0.02      0.191073      1.43358      1.62465
-0.019875      0.191433      1.42328      1.61471
-0.01975      0.191793      1.41282      1.60461
-0.019625      0.192154      1.40218      1.59434
-0.0195      0.192516      1.39138      1.5839
-0.019375      0.192879      1.38041      1.57329
-0.01925      0.193243      1.36927      1.56251
-0.019125      0.193607      1.35796      1.55156
-0.019      0.193972      1.34647      1.54044
-0.018875      0.194338      1.33481      1.52915
-0.01875      0.194704      1.32298      1.51768
-0.018625      0.19507      1.31097      1.50604
-0.0185      0.195437      1.29879      1.49423
-0.018375      0.195804      1.28644      1.48225
-0.01825      0.196171      1.27392      1.47009
-0.018125      0.196538      1.26123      1.45777
-0.018      0.196905      1.24837      1.44527
-0.017875      0.197272      1.23534      1.43261
-0.01775      0.197638      1.22215      1.41979
-0.017625      0.198005      1.20879      1.4068
-0.0175      0.198371      1.19528      1.39365
-0.017375      0.198736      1.18161      1.38035
-0.01725      0.199102      1.16779      1.36689
-0.017125      0.199466      1.15381      1.35328
-0.017      0.19983      1.1397      1.33953
-0.016875      0.200194      1.12544      1.32563
-0.01675      0.200557      1.11105      1.31161
-0.016625      0.200919      1.09653      1.29745
-0.0165      0.20128      1.08188      1.28316
-0.016375      0.20164      1.06712      1.26876
-0.01625      0.202      1.05225      1.25425
-0.016125      0.202359      1.03727      1.23963
-0.016      0.202716      1.0222      1.22492
-0.015875      0.203073      1.00704      1.21012
-0.01575      0.203429      0.991804      1.19523
-0.015625      0.203784      0.976494      1.18028
-0.0155      0.204138      0.961122      1.16526
-0.015375      0.204491      0.945698      1.15019
-0.01525      0.204843      0.930232      1.13507
-0.015125      0.205194      0.914733      1.11993
-0.015      0.205544      0.899212      1.10476
-0.014875      0.205893      0.883681      1.08957
-0.01475      0.206241      0.868151      1.07439
-0.014625      0.206589      0.852633      1.05922
-0.0145      0.206935      0.83714      1.04407
-0.014375      0.207281      0.821682      1.02896
-0.01425      0.207626      0.806274      1.0139
-0.014125      0.20797      0.790927      0.998896
-0.014      0.208313      0.775654      0.983966
-0.013875      0.208655      0.760468      0.969123
-0.01375      0.208997      0.745382      0.954379
-0.013625      0.209339      0.730409      0.939748
-0.0135      0.20968      0.715562      0.925242
-0.013375      0.21002      0.700855      0.910876
-0.01325      0.21036      0.686301      0.896661
-0.013125      0.2107      0.671912      0.882612
-0.013      0.21104      0.657702      0.868742
-0.012875      0.211379      0.643683      0.855062
-0.01275      0.211718      0.629868      0.841586
-0.012625      0.212058      0.616268      0.828326
-0.0125      0.212397      0.602897      0.815294
-0.012375      0.212736      0.589765      0.802501
-0.01225      0.213076      0.576883      0.789959
-0.012125      0.213416      0.564262      0.777678
-0.012      0.213756      0.551912      0.765668
-0.011875      0.214097      0.539843      0.75394
-0.01175      0.214438      0.528064      0.742502
-0.011625      0.21478      0.516583      0.731362
-0.0115      0.215122      0.505406      0.720528
-0.011375      0.215465      0.494542      0.710007
-0.01125      0.215809      0.483996      0.699805
-0.011125      0.216154      0.473774      0.689927
-0.011      0.216499      0.463879      0.680378
-0.010875      0.216846      0.454315      0.671161
-0.01075      0.217193      0.445085      0.662279
-0.010625      0.217542      0.436191      0.653733
-0.0105      0.217892      0.427632      0.645524
-0.010375      0.218243      0.41941      0.637653
-0.01025      0.218596      0.411522      0.630118
-0.010125      0.218949      0.403967      0.622916
-0.01      0.219304      0.396742      0.616046
