-0.02      0.0994111      0.777922      0.877333
-0.02      0.0994111      0.777922      0.877333
-0.01992      0.0993611      0.774845      0.874206
-0.01984      0.0993106      0.771798      0.871108
-0.01976      0.0992595      0.768779      0.868038
-0.01968      0.0992079      0.765789      0.864996
-0.0196      0.0991558      0.762826      0.861982
-0.01952      0.0991031      0.759892      0.858995
-0.01944      0.0990499      0.756984      0.856034
-0.01936      0.0989962      0.754104      0.8531
-0.01928      0.0989421      0.751251      0.850193
-0.0192      0.0988874      0.748423      0.847311
-0.01912      0.0988322      0.745622      0.844454
-0.01904      0.0987766      0.742847      0.841623
-0.01896      0.0987206      0.740096      0.838817
-0.01888      0.0986641      0.737371      0.836035
-0.0188      0.0986071      0.73467      0.833277
-0.01872      0.0985497      0.731994      0.830543
-0.01864      0.0984919      0.729341      0.827833
-0.01856      0.0984337      0.726712      0.825146
-0.01848      0.0983751      0.724106      0.822482
-0.0184      0.0983162      0.721524      0.81984
-0.01832      0.0982568      0.718964      0.817221
-0.01824      0.0981971      0.716426      0.814623
-0.01816      0.098137      0.713911      0.812048
-0.01808      0.0980766      0.711417      0.809493
-0.018      0.0980159      0.708944      0.80696
-0.01792      0.0979548      0.706493      0.804448
-0.01784      0.0978934      0.704063      0.801956
-0.01776      0.0978317      0.701653      0.799485
-0.01768      0.0977697      0.699263      0.797033
-0.0176      0.0977075      0.696894      0.794601
-0.01752      0.0976449      0.694544      0.792189
-0.01744      0.0975821      0.692213      0.789795
-0.01736      0.0975191      0.689902      0.787421
-0.01728      0.0974557      0.68761      0.785066
-0.0172      0.0973922      0.685336      0.782728
-0.01712      0.0973284      0.683081      0.78041
-0.01704      0.0972644      0.680844      0.778109
-0.01696      0.0972002      0.678625      0.775825
-0.01688      0.0971358      0.676424      0.77356
-0.0168      0.0970713      0.67424      0.771311
-0.01672      0.0970065      0.672074      0.76908
-0.01664      0.0969416      0.669925      0.766866
-0.01656      0.0968764      0.667792      0.764669
-0.01648      0.0968112      0.665677      0.762488
-0.0164      0.0967458      0.663577      0.760323
-0.01632      0.0966802      0.661495      0.758175
-0.01624      0.0966146      0.659428      0.756043
-0.01616      0.0965488      0.657378      0.753926
-0.01608      0.0964829      0.655343      0.751826
-0.016      0.0964169      0.653324      0.749741
-0.01592      0.0963507      0.651321      0.747672
-0.01584      0.0962846      0.649333      0.745617
-0.01576      0.0962183      0.64736      0.743579
-0.01568      0.096152      0.645403      0.741555
-0.0156      0.0960856      0.643461      0.739546
-0.01552      0.0960191      0.641533      0.737552
-0.01544      0.0959527      0.639621      0.735573
-0.01536      0.0958862      0.637723      0.733609
-0.01528      0.0958196      0.63584      0.73166
-0.0152      0.0957531      0.633972      0.729725
-0.01512      0.0956866      0.632118      0.727804
-0.01504      0.0956201      0.630278      0.725898
-0.01496      0.0955536      0.628453      0.724007
-0.01488      0.0954872      0.626642      0.722129
-0.0148      0.0954208      0.624845      0.720266
-0.01472      0.0953545      0.623063      0.718417
-0.01464      0.0952882      0.621294      0.716583
-0.01456      0.0952221      0.61954      0.714762
-0.01448      0.095156      0.617799      0.712955
-0.0144      0.0950901      0.616073      0.711163
-0.01432      0.0950244      0.61436      0.709384
-0.01424      0.0949588      0.612661      0.707619
-0.01416      0.0948933      0.610975      0.705868
-0.01408      0.0948281      0.609303      0.704131
-0.014      0.0947631      0.607645      0.702408
-0.01392      0.0946984      0.606      0.700698
-0.01384      0.0946339      0.604368      0.699002
-0.01376      0.0945697      0.60275      0.697319
-0.01368      0.0945058      0.601144      0.69565
-0.0136      0.0944423      0.599552      0.693994
-0.01352      0.0943792      0.597972      0.692352
-0.01344      0.0943164      0.596405      0.690722
-0.01336      0.0942541      0.594851      0.689105
-0.01328      0.0941923      0.593309      0.687501
-0.0132      0.0941309      0.591778      0.685909
-0.01312      0.0940702      0.59026      0.68433
-0.01304      0.0940099      0.588753      0.682763
-0.01296      0.0939503      0.587258      0.681208
-0.01288      0.0938914      0.585773      0.679665
-0.0128      0.0938331      0.584299      0.678132
-0.01272      0.0937756      0.582836      0.676611
-0.01264      0.0937189      0.581382      0.675101
-0.01256      0.093663      0.579937      0.6736
-0.01248      0.093608      0.578502      0.67211
-0.0124      0.093554      0.577074      0.670628
-0.01232      0.0935009      0.575655      0.669156
-0.01224      0.0934489      0.574242      0.667691
-0.01216      0.093398      0.572836      0.666234
-0.01208      0.0933482      0.571436      0.664784
-0.012      0.0932997      0.570041      0.66334
-0.01192      0.0932524      0.568649      0.661902
-0.01184      0.0932065      0.567261      0.660468
-0.01176      0.093162      0.565875      0.659037
-0.01168      0.0931189      0.564491      0.65761
-0.0116      0.0930774      0.563106      0.656183
-0.01152      0.0930375      0.56172      0.654758
-0.01144      0.0929993      0.560332      0.653331
-0.01136      0.0929628      0.55894      0.651903
-0.01128      0.0929281      0.557543      0.650471
-0.0112      0.0928953      0.556139      0.649034
-0.01112      0.0928644      0.554727      0.647591
-0.01104      0.0928355      0.553304      0.64614
-0.01096      0.0928088      0.55187      0.644679
-0.01088      0.0927842      0.550423      0.643207
-0.0108      0.0927618      0.548959      0.641721
-0.01072      0.0927417      0.547478      0.640219
-0.01064      0.0927239      0.545976      0.6387
-0.01056      0.0927086      0.544453      0.637161
-0.01048      0.0926957      0.542904      0.6356
-0.0104      0.0926854      0.541328      0.634013
-0.01032      0.0926777      0.539722      0.6324
-0.01024      0.0926727      0.538083      0.630756
-0.01016      0.0926703      0.536409      0.629079
-0.01008      0.0926707      0.534695      0.627366
-0.01      0.0926739      0.53294      0.625614
-0.00992      0.09268      0.531139      0.623819
-0.00984      0.0926889      0.52929      0.621979
-0.00976      0.0927007      0.527388      0.620089
-0.00968      0.0927155      0.525431      0.618147
-0.0096      0.0927332      0.523414      0.616147
-0.00952      0.0927539      0.521334      0.614088
-0.00944      0.0927775      0.519186      0.611963
-0.00936      0.0928041      0.516966      0.609771
-0.00928      0.0928337      0.514671      0.607505
-0.0092      0.0928662      0.512296      0.605162
-0.00912      0.0929016      0.509836      0.602737
-0.00904      0.0929399      0.507287      0.600226
-0.00896      0.0929811      0.504644      0.597625
-0.00888      0.093025      0.501903      0.594928
-0.0088      0.0930717      0.499059      0.59213
-0.00872      0.093121      0.496107      0.589228
-0.00864      0.093173      0.493042      0.586215
-0.00856      0.0932274      0.489861      0.583088
-0.00848      0.0932842      0.486557      0.579841
-0.0084      0.0933433      0.483126      0.576469
-0.00832      0.0934046      0.479563      0.572968
-0.00824      0.093468      0.475864      0.569332
-0.00816      0.0935332      0.472025      0.565558
-0.00808      0.0936002      0.468039      0.56164
-0.008      0.0936688      0.463904      0.557573
-0.00792      0.0937388      0.459616      0.553354
-0.00784      0.0938101      0.455169      0.548979
-0.00776      0.0938825      0.45056      0.544443
-0.00768      0.0939558      0.445787      0.539743
-0.0076      0.0940297      0.440846      0.534875
-0.00752      0.0941041      0.435733      0.529837
-0.00744      0.0941788      0.430448      0.524626
-0.00736      0.0942536      0.424987      0.51924
-0.00728      0.0943282      0.419349      0.513677
-0.0072      0.0944024      0.413534      0.507936
-0.00712      0.094476      0.407541      0.502017
-0.00704      0.0945487      0.401371      0.495919
-0.00696      0.0946204      0.395023      0.489644
-0.00688      0.0946909      0.388502      0.483192
-0.0068      0.0947598      0.381807      0.476567
-0.00672      0.094827      0.374944      0.469771
-0.00664      0.0948923      0.367917      0.462809
-0.00656      0.0949554      0.36073      0.455685
-0.00648      0.0950163      0.353389      0.448405
-0.0064      0.0950746      0.345902      0.440977
-0.00632      0.0951302      0.338278      0.433408
-0.00624      0.095183      0.330524      0.425707
-0.00616      0.0952328      0.322653      0.417886
-0.00608      0.0952795      0.314674      0.409954
-0.006      0.0953229      0.306602      0.401924
-0.00592      0.095363      0.298448      0.393811
-0.00584      0.0953997      0.290229      0.385629
-0.00576      0.0954328      0.281961      0.377394
-0.00568      0.0954624      0.273659      0.369122
-0.0056      0.0954885      0.265343      0.360831
-0.00552      0.095511      0.25703      0.352541
-0.00544      0.0955299      0.248741      0.344271
-0.00536      0.0955453      0.240496      0.336041
-0.00528      0.0955572      0.232315      0.327873
-0.0052      0.0955657      0.224221      0.319787
-0.00512      0.0955709      0.216235      0.311806
-0.00504      0.0955729      0.208378      0.303951
-0.00496      0.0955718      0.200674      0.296246
-0.00488      0.0955677      0.193142      0.28871
-0.0048      0.0955608      0.185805      0.281366
-0.00472      0.0955512      0.178683      0.274234
-0.00464      0.0955391      0.171795      0.267334
-0.00456      0.0955247      0.165159      0.260684
-0.00448      0.0955082      0.158793      0.254302
-0.0044      0.0954896      0.152712      0.248202
-0.00432      0.0954693      0.14693      0.242399
-0.00424      0.0954473      0.141457      0.236904
-0.00416      0.0954238      0.136303      0.231727
-0.00408      0.0953989      0.131475      0.226874
-0.004      0.0953729      0.126977      0.22235
