-0.003      0.0234354      0.0956167      0.119052
-0.003      0.0234354      0.0956167      0.119052
-0.002986      0.0233822      0.0953783      0.11876
-0.002972      0.0233288      0.0951402      0.118469
-0.002958      0.0232754      0.0949023      0.118178
-0.002944      0.0232218      0.0946647      0.117887
-0.00293      0.0231681      0.0944274      0.117595
-0.002916      0.0231143      0.0941903      0.117305
-0.002902      0.0230604      0.0939534      0.117014
-0.002888      0.0230064      0.0937167      0.116723
-0.002874      0.0229523      0.0934802      0.116433
-0.00286      0.0228982      0.0932439      0.116142
-0.002846      0.0228439      0.0930077      0.115852
-0.002832      0.0227896      0.0927717      0.115561
-0.002818      0.0227351      0.0925359      0.115271
-0.002804      0.0226806      0.0923001      0.114981
-0.00279      0.022626      0.0920646      0.114691
-0.002776      0.0225713      0.0918291      0.1144
-0.002762      0.0225166      0.0915937      0.11411
-0.002748      0.0224618      0.0913585      0.11382
-0.002734      0.0224069      0.0911233      0.11353
-0.00272      0.022352      0.0908883      0.11324
-0.002706      0.022297      0.0906533      0.11295
-0.002692      0.022242      0.0904184      0.11266
-0.002678      0.0221869      0.0901836      0.11237
-0.002664      0.0221317      0.0899489      0.112081
-0.00265      0.0220765      0.0897143      0.111791
-0.002636      0.0220213      0.0894797      0.111501
-0.002622      0.021966      0.0892452      0.111211
-0.002608      0.0219107      0.0890108      0.110921
-0.002594      0.0218554      0.0887764      0.110632
-0.00258      0.0218      0.0885421      0.110342
-0.002566      0.0217446      0.088308      0.110053
-0.002552      0.0216892      0.0880739      0.109763
-0.002538      0.0216338      0.0878399      0.109474
-0.002524      0.0215783      0.087606      0.109184
-0.00251      0.0215228      0.0873722      0.108895
-0.002496      0.0214673      0.0871385      0.108606
-0.002482      0.0214118      0.086905      0.108317
-0.002468      0.0213563      0.0866716      0.108028
-0.002454      0.0213008      0.0864384      0.107739
-0.00244      0.0212453      0.0862053      0.107451
-0.002426      0.0211898      0.0859724      0.107162
-0.002412      0.0211343      0.0857398      0.106874
-0.002398      0.0210788      0.0855073      0.106586
-0.002384      0.0210233      0.0852751      0.106298
-0.00237      0.0209678      0.0850431      0.106011
-0.002356      0.0209123      0.0848114      0.105724
-0.002342      0.0208569      0.08458      0.105437
-0.002328      0.0208014      0.0843489      0.10515
-0.002314      0.020746      0.0841182      0.104864
-0.0023      0.0206906      0.0838878      0.104578
-0.002286      0.0206353      0.0836578      0.104293
-0.002272      0.0205799      0.0834283      0.104008
-0.002258      0.0205246      0.0831991      0.103724
-0.002244      0.0204694      0.0829705      0.10344
-0.00223      0.0204142      0.0827423      0.103156
-0.002216      0.020359      0.0825147      0.102874
-0.002202      0.0203038      0.0822876      0.102591
-0.002188      0.0202488      0.0820611      0.10231
-0.002174      0.0201937      0.0818352      0.102029
-0.00216      0.0201388      0.0816099      0.101749
-0.002146      0.0200839      0.0813853      0.101469
-0.002132      0.020029      0.0811614      0.10119
-0.002118      0.0199743      0.0809382      0.100912
-0.002104      0.0199196      0.0807158      0.100635
-0.00209      0.019865      0.0804941      0.100359
-0.002076      0.0198105      0.0802732      0.100084
-0.002062      0.019756      0.0800531      0.0998091
-0.002048      0.0197017      0.0798338      0.0995356
-0.002034      0.0196475      0.0796154      0.099263
-0.00202      0.0195935      0.0793979      0.0989913
-0.002006      0.0195395      0.0791812      0.0987207
-0.001992      0.0194857      0.0789654      0.0984511
-0.001978      0.019432      0.0787505      0.0981825
-0.001964      0.0193785      0.0785364      0.0979149
-0.00195      0.0193251      0.0783233      0.0976484
-0.001936      0.019272      0.078111      0.097383
-0.001922      0.019219      0.0778996      0.0971185
-0.001908      0.0191662      0.077689      0.0968552
-0.001894      0.0191136      0.0774792      0.0965928
-0.00188      0.0190612      0.0772702      0.0963314
-0.001866      0.0190091      0.0770619      0.096071
-0.001852      0.0189572      0.0768543      0.0958116
-0.001838      0.0189056      0.0766474      0.095553
-0.001824      0.0188543      0.0764409      0.0952952
-0.00181      0.0188033      0.076235      0.0950382
-0.001796      0.0187525      0.0760294      0.0947819
-0.001782      0.0187022      0.0758241      0.0945262
-0.001768      0.0186521      0.0756189      0.094271
-0.001754      0.0186025      0.0754138      0.0940162
-0.00174      0.0185532      0.0752085      0.0937617
-0.001726      0.0185043      0.075003      0.0935073
-0.001712      0.0184559      0.0747969      0.0932528
-0.001698      0.0184078      0.0745903      0.0929981
-0.001684      0.0183603      0.0743827      0.092743
-0.00167      0.0183132      0.074174      0.0924873
-0.001656      0.0182667      0.073964      0.0922307
-0.001642      0.0182206      0.0737523      0.0919729
-0.001628      0.0181751      0.0735386      0.0917138
-0.001614      0.0181302      0.0733227      0.0914529
-0.0016      0.0180859      0.0731041      0.09119
-0.001586      0.0180421      0.0728825      0.0909246
-0.001572      0.017999      0.0726574      0.0906564
-0.001558      0.0179565      0.0724285      0.090385
-0.001544      0.0179147      0.0721953      0.09011
-0.00153      0.0178735      0.0719572      0.0898307
-0.001516      0.0178331      0.0717137      0.0895468
-0.001502      0.0177933      0.0714643      0.0892576
-0.001488      0.0177542      0.0712084      0.0889626
-0.001474      0.0177159      0.0709452      0.0886612
-0.00146      0.0176783      0.0706743      0.0883526
-0.001446      0.0176415      0.0703947      0.0880362
-0.001432      0.0176054      0.0701059      0.0877112
-0.001418      0.0175701      0.0698069      0.0873769
-0.001404      0.0175355      0.069497      0.0870325
-0.00139      0.0175016      0.0691753      0.0866769
-0.001376      0.0174686      0.0688409      0.0863095
-0.001362      0.0174362      0.0684929      0.0859291
-0.001348      0.0174046      0.0681303      0.0855349
-0.001334      0.0173737      0.0677521      0.0851258
-0.00132      0.0173435      0.0673572      0.0847008
-0.001306      0.0173141      0.0669446      0.0842587
-0.001292      0.0172852      0.0665132      0.0837984
-0.001278      0.017257      0.0660618      0.0833188
-0.001264      0.0172294      0.0655893      0.0828187
-0.00125      0.0172024      0.0650946      0.082297
-0.001236      0.0171759      0.0645764      0.0817523
-0.001222      0.0171499      0.0640336      0.0811835
-0.001208      0.0171244      0.063465      0.0805894
-0.001194      0.0170993      0.0628695      0.0799687
-0.00118      0.0170745      0.0622458      0.0793203
-0.001166      0.01705      0.061593      0.0786429
-0.001152      0.0170257      0.0609098      0.0779355
-0.001138      0.0170016      0.0601952      0.0771969
-0.001124      0.0169777      0.0594484      0.0764261
-0.00111      0.0169538      0.0586684      0.0756221
-0.001096      0.0169298      0.0578543      0.0747841
-0.001082      0.0169058      0.0570055      0.0739114
-0.001068      0.0168817      0.0561215      0.0730032
-0.001054      0.0168573      0.0552018      0.0720591
-0.00104      0.0168326      0.0542461      0.0710787
-0.001026      0.0168075      0.0532544      0.0700619
-0.001012      0.016782      0.0522267      0.0690087
-0.000998      0.016756      0.0511633      0.0679194
-0.000984      0.0167295      0.050065      0.0667945
-0.00097      0.0167023      0.0489324      0.0656347
-0.000956      0.0166744      0.0477666      0.0644411
-0.000942      0.0166458      0.0465692      0.063215
-0.000928      0.0166164      0.0453417      0.0619581
-0.000914      0.0165861      0.0440862      0.0606723
-0.0009      0.016555      0.042805      0.05936
-0.000886      0.0165229      0.0415009      0.0580238
-0.000872      0.0164899      0.0401768      0.0566668
-0.000858      0.016456      0.0388363      0.0552923
-0.000844      0.016421      0.037483      0.053904
-0.00083      0.0163851      0.036121      0.052506
-0.000816      0.0163481      0.0347547      0.0511028
-0.000802      0.0163102      0.0333887      0.0496988
-0.000788      0.0162713      0.0320279      0.0482992
-0.000774      0.0162314      0.0306776      0.046909
-0.00076      0.0161906      0.029343      0.0455336
-0.000746      0.0161489      0.0280296      0.0441785
-0.000732      0.0161063      0.0267428      0.0428491
-0.000718      0.0160629      0.0254881      0.041551
-0.000704      0.0160187      0.0242709      0.0402897
-0.00069      0.0159738      0.0230964      0.0390702
-0.000676      0.0159282      0.0219696      0.0378978
-0.000662      0.015882      0.020895      0.036777
-0.000648      0.0158352      0.0198768      0.0357119
-0.000634      0.0157878      0.0189186      0.0347065
-0.00062      0.01574      0.0180236      0.0337637
-0.000606      0.0156918      0.0171941      0.0328859
-0.000592      0.0156432      0.0164318      0.032075
-0.000578      0.0155942      0.0157376      0.0313318
-0.000564      0.015545      0.0151115      0.0306565
-0.00055      0.0154955      0.014553      0.0300485
-0.000536      0.0154458      0.0140603      0.0295061
-0.000522      0.015396      0.0136314      0.0290273
-0.000508      0.0153459      0.0132631      0.0286091
-0.000494      0.0152958      0.0129521      0.0282479
-0.00048      0.0152456      0.012694      0.0279396
-0.000466      0.0151953      0.0124846      0.0276799
-0.000452      0.015145      0.012319      0.0274639
-0.000438      0.0150946      0.0121923      0.0272868
-0.000424      0.0150441      0.0120998      0.0271439
-0.00041      0.0149936      0.0120367      0.0270303
-0.000396      0.0149431      0.0119987      0.0269418
-0.000382      0.0148925      0.0119818      0.0268743
-0.000368      0.0148418      0.0119824      0.0268241
-0.000354      0.0147909      0.0119975      0.0267884
-0.00034      0.0147399      0.0120245      0.0267645
-0.000326      0.0146888      0.0120615      0.0267503
-0.000312      0.0146374      0.0121067      0.0267441
-0.000298      0.0145859      0.012159      0.0267448
-0.000284      0.0145342      0.0122171      0.0267512
-0.00027      0.0144823      0.0122801      0.0267624
-0.000256      0.0144305      0.012347      0.0267775
-0.000242      0.0143787      0.0124168      0.0267955
-0.000228      0.0143269      0.0124882      0.0268151
-0.000214      0.0142752      0.01256      0.0268351
-0.0002      0.0142234      0.0126308      0.0268542
