-0.04      0.13756      2.8805      3.01806
-0.04      0.13756      2.8805      3.01806
-0.0398542      0.137617      2.85482      2.99244
-0.0397083      0.137673      2.82938      2.96705
-0.0395625      0.137728      2.8042      2.94193
-0.0394167      0.137782      2.77929      2.91707
-0.0392708      0.137835      2.7546      2.89244
-0.039125      0.137887      2.73019      2.86808
-0.0389792      0.137938      2.70604      2.84397
-0.0388333      0.137989      2.68212      2.8201
-0.0386875      0.138039      2.65847      2.7965
-0.0385417      0.138087      2.63507      2.77316
-0.0383958      0.138136      2.61191      2.75004
-0.03825      0.138183      2.58902      2.7272
-0.0381042      0.138229      2.56638      2.70461
-0.0379583      0.138275      2.54397      2.68225
-0.0378125      0.13832      2.52184      2.66016
-0.0376667      0.138364      2.49995      2.63831
-0.0375208      0.138408      2.4783      2.61671
-0.037375      0.13845      2.45691      2.59536
-0.0372292      0.138492      2.43577      2.57427
-0.0370833      0.138534      2.41487      2.5534
-0.0369375      0.138574      2.39423      2.5328
-0.0367917      0.138615      2.37383      2.51244
-0.0366458      0.138654      2.35366      2.49232
-0.0365      0.138693      2.33376      2.47245
-0.0363542      0.138731      2.31409      2.45282
-0.0362083      0.138769      2.29465      2.43342
-0.0360625      0.138806      2.27547      2.41428
-0.0359167      0.138843      2.25653      2.39537
-0.0357708      0.138879      2.23782      2.37669
-0.035625      0.138915      2.21935      2.35826
-0.0354792      0.13895      2.20112      2.34007
-0.0353333      0.138985      2.18311      2.3221
-0.0351875      0.139019      2.16535      2.30437
-0.0350417      0.139053      2.14782      2.28687
-0.0348958      0.139087      2.13051      2.26959
-0.03475      0.139121      2.11344      2.25256
-0.0346042      0.139154      2.09659      2.23574
-0.0344583      0.139187      2.07996      2.21915
-0.0343125      0.139219      2.06357      2.20279
-0.0341667      0.139252      2.0474      2.18665
-0.0340208      0.139284      2.03143      2.17072
-0.033875      0.139316      2.0157      2.15502
-0.0337292      0.139348      2.00019      2.13954
-0.0335833      0.13938      1.98488      2.12426
-0.0334375      0.139412      1.9698      2.10921
-0.0332917      0.139443      1.95492      2.09437
-0.0331458      0.139475      1.94025      2.07973
-0.033      0.139507      1.9258      2.06531
-0.0328542      0.139539      1.91155      2.05109
-0.0327083      0.139571      1.8975      2.03707
-0.0325625      0.139603      1.88367      2.02327
-0.0324167      0.139635      1.87003      2.00966
-0.0322708      0.139667      1.85658      1.99625
-0.032125      0.1397      1.84334      1.98304
-0.0319792      0.139733      1.83029      1.97003
-0.0318333      0.139766      1.81743      1.9572
-0.0316875      0.139799      1.80477      1.94457
-0.0315417      0.139833      1.7923      1.93213
-0.0313958      0.139867      1.78001      1.91988
-0.03125      0.139902      1.76791      1.90781
-0.0311042      0.139937      1.756      1.89593
-0.0309583      0.139972      1.74426      1.88423
-0.0308125      0.140008      1.7327      1.87271
-0.0306667      0.140045      1.72133      1.86137
-0.0305208      0.140082      1.71012      1.8502
-0.030375      0.14012      1.69909      1.83921
-0.0302292      0.140159      1.68823      1.82839
-0.0300833      0.140198      1.67754      1.81774
-0.0299375      0.140238      1.66702      1.80726
-0.0297917      0.140279      1.65667      1.79695
-0.0296458      0.14032      1.64647      1.78679
-0.0295      0.140363      1.63644      1.77681
-0.0293542      0.140406      1.62657      1.76698
-0.0292083      0.14045      1.61686      1.75731
-0.0290625      0.140496      1.6073      1.74779
-0.0289167      0.140542      1.5979      1.73844
-0.0287708      0.14059      1.58864      1.72923
-0.028625      0.140638      1.57953      1.72017
-0.0284792      0.140688      1.57058      1.71127
-0.0283333      0.140739      1.56176      1.7025
-0.0281875      0.140791      1.5531      1.69389
-0.0280417      0.140845      1.54457      1.68542
-0.0278958      0.140899      1.53618      1.67708
-0.02775      0.140956      1.52793      1.66889
-0.0276042      0.141013      1.51982      1.66083
-0.0274583      0.141073      1.51183      1.6529
-0.0273125      0.141133      1.50398      1.64511
-0.0271667      0.141196      1.49626      1.63746
-0.0270208      0.14126      1.48866      1.62992
-0.026875      0.141325      1.48119      1.62252
-0.0267292      0.141393      1.47385      1.61524
-0.0265833      0.141462      1.46662      1.60808
-0.0264375      0.141533      1.45951      1.60104
-0.0262917      0.141606      1.45252      1.59413
-0.0261458      0.141681      1.44564      1.58732
-0.026      0.141758      1.43888      1.58064
-0.0258542      0.141837      1.43223      1.57406
-0.0257083      0.141919      1.42568      1.56759
-0.0255625      0.142002      1.41924      1.56124
-0.0254167      0.142088      1.4129      1.55499
-0.0252708      0.142176      1.40666      1.54884
-0.025125      0.142266      1.40053      1.54279
-0.0249792      0.142359      1.39449      1.53685
-0.0248333      0.142454      1.38854      1.531
-0.0246875      0.142552      1.38269      1.52524
-0.0245417      0.142653      1.37692      1.51958
-0.0243958      0.142756      1.37124      1.514
-0.02425      0.142863      1.36565      1.50851
-0.0241042      0.142971      1.36014      1.50311
-0.0239583      0.143083      1.3547      1.49779
-0.0238125      0.143198      1.34935      1.49255
-0.0236667      0.143316      1.34407      1.48738
-0.0235208      0.143437      1.33885      1.48229
-0.023375      0.143561      1.33371      1.47727
-0.0232292      0.143689      1.32862      1.47231
-0.0230833      0.14382      1.3236      1.46742
-0.0229375      0.143954      1.31864      1.46259
-0.0227917      0.144091      1.31374      1.45783
-0.0226458      0.144232      1.30888      1.45311
-0.0225      0.144377      1.30407      1.44845
-0.0223542      0.144525      1.29931      1.44383
-0.0222083      0.144677      1.29458      1.43926
-0.0220625      0.144833      1.2899      1.43473
-0.0219167      0.144993      1.28525      1.43024
-0.0217708      0.145156      1.28062      1.42577
-0.021625      0.145323      1.27602      1.42134
-0.0214792      0.145495      1.27144      1.41694
-0.0213333      0.14567      1.26688      1.41255
-0.0211875      0.14585      1.26232      1.40817
-0.0210417      0.146033      1.25778      1.40381
-0.0208958      0.146221      1.25323      1.39945
-0.02075      0.146413      1.24869      1.3951
-0.0206042      0.146609      1.24413      1.39074
-0.0204583      0.146809      1.23956      1.38637
-0.0203125      0.147014      1.23497      1.38198
-0.0201667      0.147223      1.23036      1.37758
-0.0200208      0.147436      1.22571      1.37314
-0.019875      0.147654      1.22103      1.36868
-0.0197292      0.147876      1.2163      1.36418
-0.0195833      0.148102      1.21152      1.35962
-0.0194375      0.148333      1.20669      1.35502
-0.0192917      0.148567      1.2018      1.35036
-0.0191458      0.148807      1.19683      1.34564
-0.019      0.14905      1.19179      1.34084
-0.0188542      0.149297      1.18666      1.33596
-0.0187083      0.149549      1.18144      1.33099
-0.0185625      0.149805      1.17613      1.32593
-0.0184167      0.150065      1.17071      1.32077
-0.0182708      0.150329      1.16516      1.31549
-0.018125      0.150597      1.1595      1.3101
-0.0179792      0.150868      1.15371      1.30458
-0.0178333      0.151144      1.14778      1.29892
-0.0176875      0.151423      1.1417      1.29312
-0.0175417      0.151705      1.13546      1.28716
-0.0173958      0.151991      1.12905      1.28104
-0.01725      0.15228      1.12248      1.27476
-0.0171042      0.152572      1.11572      1.26829
-0.0169583      0.152868      1.10876      1.26163
-0.0168125      0.153166      1.10161      1.25478
-0.0166667      0.153467      1.09425      1.24771
-0.0165208      0.153771      1.08666      1.24043
-0.016375      0.154076      1.07885      1.23293
-0.0162292      0.154384      1.07081      1.22519
-0.0160833      0.154694      1.06252      1.21721
-0.0159375      0.155006      1.05397      1.20898
-0.0157917      0.155319      1.04517      1.20049
-0.0156458      0.155634      1.03609      1.19173
-0.0155      0.15595      1.02675      1.1827
-0.0153542      0.156267      1.01711      1.17338
-0.0152083      0.156585      1.00718      1.16377
-0.0150625      0.156903      0.996963      1.15387
-0.0149167      0.157222      0.986439      1.14366
-0.0147708      0.157541      0.9756      1.13314
-0.014625      0.15786      0.964456      1.12232
-0.0144792      0.158178      0.952995      1.11117
-0.0143333      0.158496      0.941206      1.0997
-0.0141875      0.158813      0.929104      1.08792
-0.0140417      0.15913      0.916679      1.07581
-0.0138958      0.159445      0.903922      1.06337
-0.01375      0.159759      0.890851      1.05061
-0.0136042      0.160071      0.877461      1.03753
-0.0134583      0.160382      0.863744      1.02413
-0.0133125      0.160691      0.849725      1.01042
-0.0131667      0.160998      0.835401      0.996399
-0.0130208      0.161303      0.820768      0.982071
-0.012875      0.161606      0.805856      0.967462
-0.0127292      0.161906      0.790666      0.952573
-0.0125833      0.162204      0.775201      0.937405
-0.0124375      0.162499      0.759494      0.921993
-0.0122917      0.162792      0.743552      0.906344
-0.0121458      0.163082      0.727381      0.890463
-0.012      0.163369      0.711023      0.874393
-0.0118542      0.163654      0.694489      0.858143
-0.0117083      0.163936      0.677789      0.841725
-0.0115625      0.164215      0.660973      0.825188
-0.0114167      0.164491      0.644055      0.808546
-0.0112708      0.164765      0.627052      0.791817
-0.011125      0.165037      0.610017      0.775054
-0.0109792      0.165305      0.59297      0.758276
-0.0108333      0.165572      0.575933      0.741505
-0.0106875      0.165836      0.558963      0.724799
-0.0105417      0.166098      0.542083      0.70818
-0.0103958      0.166358      0.525317      0.691675
-0.01025      0.166616      0.508727      0.675343
-0.0101042      0.166872      0.492336      0.659208
-0.00995833      0.167127      0.476175      0.643302
-0.0098125      0.16738      0.460293      0.627673
-0.00966667      0.167633      0.444722      0.612354
-0.00952083      0.167884      0.429496      0.59738
-0.009375      0.168134      0.414654      0.582788
-0.00922917      0.168384      0.400226      0.568611
-0.00908333      0.168634      0.386244      0.554878
-0.0089375      0.168883      0.372739      0.541622
-0.00879167      0.169132      0.359737      0.528869
-0.00864583      0.169382      0.347262      0.516643
-0.0085      0.169631      0.335335      0.504966
-0.00835417      0.169881      0.323975      0.493857
-0.00820833      0.170132      0.313195      0.483327
-0.0080625      0.170383      0.303006      0.47339
-0.00791667      0.170636      0.293415      0.464051
-0.00777083      0.170889      0.284423      0.455312
-0.007625      0.171143      0.27603      0.447174
-0.00747917      0.171399      0.26823      0.439629
-0.00733333      0.171656      0.261012      0.432667
-0.0071875      0.171914      0.254363      0.426277
-0.00704167      0.172174      0.248267      0.42044
-0.00689583      0.172435      0.242701      0.415136
-0.00675      0.172697      0.237644      0.410341
-0.00660417      0.172962      0.233068      0.40603
-0.00645833      0.173227      0.228946      0.402173
-0.0063125      0.173495      0.225247      0.398741
-0.00616667      0.173764      0.22194      0.395704
-0.00602083      0.174035      0.218993      0.393028
-0.005875      0.174307      0.216375      0.390682
-0.00572917      0.174581      0.214053      0.388634
-0.00558333      0.174857      0.211996      0.386854
-0.0054375      0.175135      0.210176      0.385311
-0.00529167      0.175415      0.208564      0.383978
-0.00514583      0.175696      0.207133      0.382829
-0.005      0.17598      0.20586      0.381839
