-0.04      0.142418      2.84682      2.98924
-0.04      0.142418      2.84682      2.98924
-0.0398542      0.14248      2.82251      2.96499
-0.0397083      0.14254      2.79842      2.94096
-0.0395625      0.1426      2.7746      2.9172
-0.0394167      0.142659      2.75102      2.89368
-0.0392708      0.142717      2.72767      2.87039
-0.039125      0.142774      2.70459      2.84736
-0.0389792      0.14283      2.68175      2.82458
-0.0388333      0.142885      2.65914      2.80203
-0.0386875      0.14294      2.63679      2.77973
-0.0385417      0.142993      2.61469      2.75768
-0.0383958      0.143046      2.59281      2.73586
-0.03825      0.143098      2.5712      2.71429
-0.0381042      0.143149      2.54982      2.69297
-0.0379583      0.143199      2.52868      2.67188
-0.0378125      0.143249      2.50779      2.65104
-0.0376667      0.143297      2.48714      2.63044
-0.0375208      0.143345      2.46672      2.61006
-0.037375      0.143393      2.44655      2.58994
-0.0372292      0.143439      2.42662      2.57005
-0.0370833      0.143485      2.40691      2.55039
-0.0369375      0.143531      2.38745      2.53098
-0.0367917      0.143575      2.36823      2.51181
-0.0366458      0.143619      2.34923      2.49285
-0.0365      0.143663      2.33048      2.47414
-0.0363542      0.143706      2.31196      2.45566
-0.0362083      0.143748      2.29365      2.4374
-0.0360625      0.14379      2.27559      2.41938
-0.0359167      0.143831      2.25776      2.40159
-0.0357708      0.143872      2.24015      2.38402
-0.035625      0.143912      2.22277      2.36668
-0.0354792      0.143952      2.20561      2.34956
-0.0353333      0.143992      2.18867      2.33266
-0.0351875      0.144031      2.17196      2.31599
-0.0350417      0.14407      2.15547      2.29954
-0.0348958      0.144108      2.13918      2.28329
-0.03475      0.144146      2.12313      2.26728
-0.0346042      0.144184      2.10729      2.25147
-0.0344583      0.144222      2.09165      2.23587
-0.0343125      0.144259      2.07624      2.2205
-0.0341667      0.144296      2.06103      2.20533
-0.0340208      0.144334      2.04603      2.19036
-0.033875      0.144371      2.03124      2.17561
-0.0337292      0.144408      2.01666      2.16107
-0.0335833      0.144444      2.00227      2.14671
-0.0334375      0.144481      1.98809      2.13257
-0.0332917      0.144518      1.97411      2.11863
-0.0331458      0.144555      1.96032      2.10488
-0.033      0.144592      1.94674      2.09133
-0.0328542      0.144629      1.93335      2.07798
-0.0327083      0.144666      1.92014      2.06481
-0.0325625      0.144703      1.90714      2.05184
-0.0324167      0.144741      1.89432      2.03906
-0.0322708      0.144779      1.88168      2.02646
-0.032125      0.144817      1.86923      2.01405
-0.0319792      0.144855      1.85697      2.00182
-0.0318333      0.144894      1.84488      1.98977
-0.0316875      0.144933      1.83297      1.97791
-0.0315417      0.144972      1.82125      1.96622
-0.0313958      0.145012      1.80969      1.9547
-0.03125      0.145053      1.79831      1.94336
-0.0311042      0.145094      1.78711      1.9322
-0.0309583      0.145135      1.77606      1.9212
-0.0308125      0.145177      1.76519      1.91037
-0.0306667      0.14522      1.75449      1.89971
-0.0305208      0.145263      1.74394      1.8892
-0.030375      0.145307      1.73356      1.87887
-0.0302292      0.145352      1.72334      1.86869
-0.0300833      0.145398      1.71327      1.85867
-0.0299375      0.145444      1.70336      1.8488
-0.0297917      0.145492      1.69361      1.8391
-0.0296458      0.14554      1.684      1.82954
-0.0295      0.145589      1.67454      1.82013
-0.0293542      0.145639      1.66524      1.81088
-0.0292083      0.145691      1.65607      1.80176
-0.0290625      0.145743      1.64705      1.7928
-0.0289167      0.145796      1.63818      1.78397
-0.0287708      0.145851      1.62943      1.77528
-0.028625      0.145907      1.62083      1.76674
-0.0284792      0.145964      1.61237      1.75833
-0.0283333      0.146023      1.60403      1.75006
-0.0281875      0.146083      1.59583      1.74192
-0.0280417      0.146144      1.58776      1.73391
-0.0278958      0.146207      1.57981      1.72602
-0.02775      0.146271      1.572      1.71827
-0.0276042      0.146337      1.5643      1.71064
-0.0274583      0.146404      1.55672      1.70312
-0.0273125      0.146473      1.54926      1.69574
-0.0271667      0.146544      1.54192      1.68847
-0.0270208      0.146617      1.53469      1.68131
-0.026875      0.146691      1.52758      1.67427
-0.0267292      0.146767      1.52057      1.66734
-0.0265833      0.146846      1.51367      1.66052
-0.0264375      0.146926      1.50688      1.65381
-0.0262917      0.147008      1.5002      1.6472
-0.0261458      0.147093      1.4936      1.6407
-0.026      0.14718      1.48712      1.6343
-0.0258542      0.147269      1.48072      1.62799
-0.0257083      0.14736      1.47442      1.62178
-0.0255625      0.147454      1.46821      1.61567
-0.0254167      0.14755      1.46209      1.60964
-0.0252708      0.147648      1.45606      1.6037
-0.025125      0.14775      1.45011      1.59786
-0.0249792      0.147854      1.44424      1.59209
-0.0248333      0.14796      1.43844      1.5864
-0.0246875      0.14807      1.43272      1.58079
-0.0245417      0.148182      1.42708      1.57526
-0.0243958      0.148297      1.4215      1.5698
-0.02425      0.148415      1.41599      1.56441
-0.0241042      0.148536      1.41055      1.55908
-0.0239583      0.148661      1.40516      1.55382
-0.0238125      0.148788      1.39983      1.54862
-0.0236667      0.148919      1.39455      1.54347
-0.0235208      0.149053      1.38932      1.53838
-0.023375      0.149191      1.38415      1.53334
-0.0232292      0.149332      1.37901      1.52834
-0.0230833      0.149477      1.37391      1.52338
-0.0229375      0.149625      1.36884      1.51847
-0.0227917      0.149777      1.36381      1.51359
-0.0226458      0.149933      1.35881      1.50874
-0.0225      0.150093      1.35383      1.50392
-0.0223542      0.150256      1.34886      1.49912
-0.0222083      0.150424      1.34391      1.49434
-0.0220625      0.150596      1.33897      1.48957
-0.0219167      0.150772      1.33404      1.48481
-0.0217708      0.150952      1.3291      1.48005
-0.021625      0.151136      1.32416      1.4753
-0.0214792      0.151324      1.31922      1.47054
-0.0213333      0.151517      1.31425      1.46577
-0.0211875      0.151715      1.30927      1.46098
-0.0210417      0.151916      1.30426      1.45617
-0.0208958      0.152122      1.29921      1.45133
-0.02075      0.152333      1.29413      1.44647
-0.0206042      0.152548      1.28901      1.44156
-0.0204583      0.152768      1.28383      1.4366
-0.0203125      0.152993      1.27861      1.4316
-0.0201667      0.153222      1.27332      1.42654
-0.0200208      0.153456      1.26796      1.42141
-0.019875      0.153694      1.26252      1.41622
-0.0197292      0.153937      1.257      1.41094
-0.0195833      0.154185      1.25139      1.40558
-0.0194375      0.154437      1.24569      1.40013
-0.0192917      0.154695      1.23989      1.39458
-0.0191458      0.154956      1.23397      1.38892
-0.019      0.155223      1.22793      1.38315
-0.0188542      0.155493      1.22177      1.37726
-0.0187083      0.155769      1.21547      1.37124
-0.0185625      0.156049      1.20903      1.36508
-0.0184167      0.156333      1.20245      1.35878
-0.0182708      0.156621      1.1957      1.35232
-0.018125      0.156914      1.18879      1.34571
-0.0179792      0.157211      1.18171      1.33893
-0.0178333      0.157512      1.17445      1.33196
-0.0176875      0.157817      1.167      1.32482
-0.0175417      0.158125      1.15935      1.31748
-0.0173958      0.158438      1.15149      1.30993
-0.01725      0.158754      1.14343      1.30219
-0.0171042      0.159073      1.13515      1.29422
-0.0169583      0.159396      1.12663      1.28603
-0.0168125      0.159722      1.11788      1.27761
-0.0166667      0.160051      1.1089      1.26895
-0.0165208      0.160382      1.09965      1.26004
-0.016375      0.160716      1.09016      1.25088
-0.0162292      0.161053      1.08041      1.24146
-0.0160833      0.161392      1.07038      1.23177
-0.0159375      0.161733      1.06008      1.22181
-0.0157917      0.162075      1.04951      1.21158
-0.0156458      0.16242      1.03864      1.20106
-0.0155      0.162765      1.0275      1.19026
-0.0153542      0.163112      1.01606      1.17917
-0.0152083      0.16346      1.00432      1.16778
-0.0150625      0.163808      0.9923      1.15611
-0.0149167      0.164157      0.979978      1.14414
-0.0147708      0.164506      0.96735      1.13186
-0.014625      0.164856      0.954434      1.11929
-0.0144792      0.165204      0.941222      1.10643
-0.0143333      0.165553      0.927707      1.09326
-0.0141875      0.165901      0.913911      1.07981
-0.0140417      0.166248      0.89983      1.06608
-0.0138958      0.166594      0.885458      1.05205
-0.01375      0.166939      0.870823      1.03776
-0.0136042      0.167282      0.855923      1.02321
-0.0134583      0.167624      0.840757      1.00838
-0.0133125      0.167964      0.825357      0.993321
-0.0131667      0.168302      0.809724      0.978026
-0.0130208      0.168638      0.793861      0.962499
-0.012875      0.168972      0.777805      0.946777
-0.0127292      0.169303      0.761562      0.930865
-0.0125833      0.169632      0.745138      0.914771
-0.0124375      0.169958      0.728576      0.898535
-0.0122917      0.170282      0.711886      0.882168
-0.0121458      0.170603      0.695078      0.865681
-0.012      0.170921      0.678199      0.84912
-0.0118542      0.171237      0.661263      0.8325
-0.0117083      0.17155      0.644285      0.815835
-0.0115625      0.17186      0.627315      0.799175
-0.0114167      0.172168      0.610372      0.782539
-0.0112708      0.172473      0.593473      0.765946
-0.011125      0.172775      0.576672      0.749447
-0.0109792      0.173075      0.559989      0.733064
-0.0108333      0.173373      0.543445      0.716817
-0.0106875      0.173668      0.527094      0.700762
-0.0105417      0.173961      0.510958      0.684919
-0.0103958      0.174253      0.495059      0.669311
-0.01025      0.174542      0.47945      0.653992
-0.0101042      0.17483      0.464152      0.638982
-0.00995833      0.175117      0.449188      0.624305
-0.0098125      0.175402      0.434601      0.610003
-0.00966667      0.175686      0.420415      0.596101
-0.00952083      0.17597      0.406655      0.582624
-0.009375      0.176252      0.393348      0.569601
-0.00922917      0.176535      0.380517      0.557052
-0.00908333      0.176817      0.368182      0.544999
-0.0089375      0.177099      0.356362      0.533461
-0.00879167      0.177381      0.345073      0.522453
-0.00864583      0.177663      0.334325      0.511988
-0.0085      0.177946      0.324129      0.502074
-0.00835417      0.178229      0.31449      0.492719
-0.00820833      0.178513      0.305411      0.483924
-0.0080625      0.178798      0.296891      0.475689
-0.00791667      0.179084      0.288926      0.46801
-0.00777083      0.179371      0.281507      0.460878
-0.007625      0.179659      0.274625      0.454285
-0.00747917      0.179949      0.268266      0.448214
-0.00733333      0.18024      0.26241      0.44265
-0.0071875      0.180532      0.257041      0.437573
-0.00704167      0.180826      0.252135      0.43296
-0.00689583      0.181121      0.247667      0.428788
-0.00675      0.181418      0.243614      0.425032
-0.00660417      0.181716      0.239948      0.421664
-0.00645833      0.182016      0.23664      0.418656
-0.0063125      0.182318      0.233663      0.415982
-0.00616667      0.182622      0.230989      0.413611
-0.00602083      0.182927      0.22859      0.411516
-0.005875      0.183234      0.226438      0.409672
-0.00572917      0.183543      0.224508      0.40805
-0.00558333      0.183854      0.222775      0.406628
-0.0054375      0.184166      0.221216      0.405382
-0.00529167      0.184481      0.21981      0.404291
-0.00514583      0.184798      0.218538      0.403336
-0.005      0.185117      0.217382      0.402499
