-0.04      0.17844      2.97836      3.1568
-0.04      0.17844      2.97836      3.1568
-0.039875      0.178589      2.96524      3.14383
-0.03975      0.178739      2.95224      3.13098
-0.039625      0.17889      2.93936      3.11825
-0.0395      0.179042      2.92659      3.10563
-0.039375      0.179195      2.91394      3.09313
-0.03925      0.179348      2.9014      3.08075
-0.039125      0.179502      2.88898      3.06849
-0.039      0.179657      2.87668      3.05633
-0.038875      0.179813      2.86448      3.0443
-0.03875      0.179969      2.8524      3.03237
-0.038625      0.180127      2.84044      3.02056
-0.0385      0.180285      2.82858      3.00887
-0.038375      0.180444      2.81684      2.99728
-0.03825      0.180604      2.8052      2.9858
-0.038125      0.180765      2.79367      2.97444
-0.038      0.180927      2.78226      2.96318
-0.037875      0.181089      2.77095      2.95204
-0.03775      0.181253      2.75975      2.941
-0.037625      0.181418      2.74865      2.93007
-0.0375      0.181583      2.73766      2.91924
-0.037375      0.18175      2.72677      2.90852
-0.03725      0.181918      2.71598      2.8979
-0.037125      0.182086      2.7053      2.88739
-0.037      0.182256      2.69472      2.87698
-0.036875      0.182427      2.68424      2.86667
-0.03675      0.182599      2.67386      2.85646
-0.036625      0.182772      2.66358      2.84635
-0.0365      0.182946      2.65339      2.83634
-0.036375      0.183121      2.6433      2.82642
-0.03625      0.183298      2.6333      2.8166
-0.036125      0.183475      2.6234      2.80688
-0.036      0.183654      2.61359      2.79724
-0.035875      0.183834      2.60387      2.78771
-0.03575      0.184015      2.59424      2.77826
-0.035625      0.184198      2.5847      2.7689
-0.0355      0.184381      2.57525      2.75963
-0.035375      0.184566      2.56588      2.75045
-0.03525      0.184753      2.5566      2.74135
-0.035125      0.18494      2.5474      2.73234
-0.035      0.185129      2.53828      2.72341
-0.034875      0.18532      2.52925      2.71457
-0.03475      0.185512      2.52029      2.7058
-0.034625      0.185705      2.51141      2.69712
-0.0345      0.1859      2.50261      2.68851
-0.034375      0.186096      2.49388      2.67997
-0.03425      0.186294      2.48522      2.67152
-0.034125      0.186493      2.47664      2.66313
-0.034      0.186694      2.46812      2.65482
-0.033875      0.186896      2.45968      2.64657
-0.03375      0.1871      2.4513      2.6384
-0.033625      0.187306      2.44298      2.63029
-0.0335      0.187513      2.43473      2.62224
-0.033375      0.187722      2.42654      2.61426
-0.03325      0.187932      2.41841      2.60634
-0.033125      0.188144      2.41033      2.59848
-0.033      0.188358      2.40232      2.59067
-0.032875      0.188574      2.39435      2.58293
-0.03275      0.188792      2.38644      2.57523
-0.032625      0.189011      2.37858      2.56759
-0.0325      0.189232      2.37077      2.56
-0.032375      0.189455      2.363      2.55246
-0.03225      0.18968      2.35528      2.54496
-0.032125      0.189907      2.3476      2.53751
-0.032      0.190136      2.33996      2.5301
-0.031875      0.190367      2.33236      2.52273
-0.03175      0.190599      2.3248      2.5154
-0.031625      0.190834      2.31727      2.50811
-0.0315      0.191071      2.30977      2.50084
-0.031375      0.191309      2.30231      2.49362
-0.03125      0.19155      2.29487      2.48642
-0.031125      0.191793      2.28745      2.47924
-0.031      0.192038      2.28006      2.4721
-0.030875      0.192285      2.27269      2.46497
-0.03075      0.192535      2.26533      2.45787
-0.030625      0.192786      2.258      2.45078
-0.0305      0.19304      2.25067      2.44371
-0.030375      0.193296      2.24336      2.43666
-0.03025      0.193554      2.23606      2.42961
-0.030125      0.193815      2.22876      2.42257
-0.03      0.194077      2.22147      2.41554
-0.029875      0.194343      2.21418      2.40852
-0.02975      0.19461      2.20688      2.40149
-0.029625      0.19488      2.19959      2.39446
-0.0295      0.195152      2.19228      2.38743
-0.029375      0.195426      2.18497      2.3804
-0.02925      0.195703      2.17765      2.37335
-0.029125      0.195982      2.17031      2.36629
-0.029      0.196264      2.16295      2.35922
-0.028875      0.196548      2.15558      2.35213
-0.02875      0.196834      2.14818      2.34502
-0.028625      0.197123      2.14076      2.33788
-0.0285      0.197415      2.13331      2.33073
-0.028375      0.197709      2.12583      2.32354
-0.02825      0.198005      2.11832      2.31632
-0.028125      0.198304      2.11077      2.30907
-0.028      0.198605      2.10318      2.30179
-0.027875      0.198909      2.09555      2.29446
-0.02775      0.199216      2.08787      2.28709
-0.027625      0.199525      2.08015      2.27968
-0.0275      0.199836      2.07238      2.27221
-0.027375      0.20015      2.06455      2.2647
-0.02725      0.200466      2.05667      2.25714
-0.027125      0.200785      2.04873      2.24951
-0.027      0.201107      2.04072      2.24183
-0.026875      0.201431      2.03266      2.23409
-0.02675      0.201757      2.02452      2.22628
-0.026625      0.202086      2.01631      2.2184
-0.0265      0.202418      2.00803      2.21045
-0.026375      0.202752      1.99968      2.20243
-0.02625      0.203089      1.99124      2.19433
-0.026125      0.203427      1.98272      2.18615
-0.026      0.203769      1.97412      2.17789
-0.025875      0.204113      1.96543      2.16954
-0.02575      0.204459      1.95665      2.16111
-0.025625      0.204808      1.94778      2.15259
-0.0255      0.205159      1.93881      2.14397
-0.025375      0.205512      1.92974      2.13525
-0.02525      0.205868      1.92057      2.12644
-0.025125      0.206227      1.9113      2.11752
-0.025      0.206587      1.90192      2.1085
-0.024875      0.20695      1.89243      2.09938
-0.02475      0.207315      1.88283      2.09014
-0.024625      0.207682      1.87311      2.08079
-0.0245      0.208052      1.86328      2.07133
-0.024375      0.208423      1.85333      2.06175
-0.02425      0.208797      1.84326      2.05205
-0.024125      0.209173      1.83306      2.04224
-0.024      0.209551      1.82274      2.03229
-0.023875      0.209931      1.81229      2.02222
-0.02375      0.210313      1.80172      2.01203
-0.023625      0.210697      1.79101      2.0017
-0.0235      0.211083      1.78016      1.99125
-0.023375      0.211471      1.76919      1.98066
-0.02325      0.211861      1.75807      1.96993
-0.023125      0.212252      1.74682      1.95907
-0.023      0.212645      1.73543      1.94808
-0.022875      0.21304      1.7239      1.93694
-0.02275      0.213437      1.71222      1.92566
-0.022625      0.213835      1.70041      1.91424
-0.0225      0.214235      1.68845      1.90268
-0.022375      0.214636      1.67634      1.89098
-0.02225      0.215039      1.66409      1.87913
-0.022125      0.215443      1.6517      1.86714
-0.022      0.215848      1.63916      1.85501
-0.021875      0.216255      1.62647      1.84272
-0.02175      0.216663      1.61364      1.8303
-0.021625      0.217072      1.60066      1.81773
-0.0215      0.217483      1.58754      1.80502
-0.021375      0.217894      1.57427      1.79216
-0.02125      0.218307      1.56086      1.77916
-0.021125      0.218721      1.5473      1.76602
-0.021      0.219135      1.5336      1.75274
-0.020875      0.21955      1.51977      1.73932
-0.02075      0.219967      1.50579      1.72576
-0.020625      0.220384      1.49168      1.71207
-0.0205      0.220801      1.47744      1.69824
-0.020375      0.22122      1.46306      1.68428
-0.02025      0.221638      1.44855      1.67019
-0.020125      0.222058      1.43391      1.65597
-0.02      0.222478      1.41915      1.64163
-0.019875      0.222898      1.40427      1.62717
-0.01975      0.223319      1.38928      1.6126
-0.019625      0.22374      1.37417      1.59791
-0.0195      0.224162      1.35895      1.58311
-0.019375      0.224583      1.34362      1.56821
-0.01925      0.225005      1.3282      1.5532
-0.019125      0.225427      1.31268      1.5381
-0.019      0.22585      1.29706      1.52291
-0.018875      0.226272      1.28137      1.50764
-0.01875      0.226694      1.26559      1.49228
-0.018625      0.227116      1.24974      1.47685
-0.0185      0.227539      1.23382      1.46136
-0.018375      0.227961      1.21784      1.4458
-0.01825      0.228383      1.2018      1.43019
-0.018125      0.228805      1.18572      1.41453
-0.018      0.229226      1.1696      1.39882
-0.017875      0.229648      1.15344      1.38309
-0.01775      0.230069      1.13726      1.36733
-0.017625      0.23049      1.12106      1.35155
-0.0175      0.230911      1.10484      1.33575
-0.017375      0.231331      1.08863      1.31996
-0.01725      0.231751      1.07242      1.30418
-0.017125      0.232171      1.05623      1.2884
-0.017      0.23259      1.04006      1.27265
-0.016875      0.233009      1.02393      1.25694
-0.01675      0.233428      1.00784      1.24126
-0.016625      0.233846      0.991795      1.22564
-0.0165      0.234264      0.975814      1.21008
-0.016375      0.234682      0.959902      1.19458
-0.01625      0.235099      0.944071      1.17917
-0.016125      0.235516      0.928328      1.16384
-0.016      0.235933      0.912684      1.14862
-0.015875      0.236349      0.897148      1.1335
-0.01575      0.236765      0.88173      1.1185
-0.015625      0.237181      0.86644      1.10362
-0.0155      0.237596      0.851287      1.08888
-0.015375      0.238012      0.836281      1.07429
-0.01525      0.238427      0.821431      1.05986
-0.015125      0.238841      0.806746      1.04559
-0.015      0.239256      0.792236      1.03149
-0.014875      0.239671      0.77791      1.01758
-0.01475      0.240085      0.763776      1.00386
-0.014625      0.240499      0.749843      0.990342
-0.0145      0.240914      0.736119      0.977033
-0.014375      0.241328      0.722613      0.963941
-0.01425      0.241743      0.709332      0.951074
-0.014125      0.242157      0.696284      0.938441
-0.014      0.242572      0.683475      0.926047
-0.013875      0.242987      0.670913      0.9139
-0.01375      0.243402      0.658604      0.902006
-0.013625      0.243818      0.646554      0.890372
-0.0135      0.244234      0.634768      0.879001
-0.013375      0.24465      0.623251      0.867901
-0.01325      0.245067      0.612008      0.857075
-0.013125      0.245484      0.601042      0.846527
-0.013      0.245902      0.590358      0.836261
-0.012875      0.246321      0.579959      0.82628
-0.01275      0.24674      0.569845      0.816586
-0.012625      0.247161      0.560021      0.807181
-0.0125      0.247581      0.550486      0.798068
-0.012375      0.248003      0.541242      0.789246
-0.01225      0.248426      0.532289      0.780715
-0.012125      0.24885      0.523626      0.772476
-0.012      0.249275      0.515252      0.764527
-0.011875      0.249701      0.507166      0.756867
-0.01175      0.250128      0.499366      0.749494
-0.011625      0.250556      0.491849      0.742405
-0.0115      0.250986      0.484612      0.735598
-0.011375      0.251417      0.47765      0.729067
-0.01125      0.25185      0.470961      0.72281
-0.011125      0.252284      0.464538      0.716822
-0.011      0.252719      0.458377      0.711097
-0.010875      0.253157      0.452473      0.70563
-0.01075      0.253595      0.446819      0.700414
-0.010625      0.254036      0.441409      0.695444
-0.0105      0.254478      0.436235      0.690714
-0.010375      0.254922      0.431292      0.686214
-0.01025      0.255368      0.426572      0.68194
-0.010125      0.255816      0.422067      0.677883
-0.01      0.256265      0.417769      0.674035
