-0.04      0.167685      2.92345      3.09113
-0.04      0.167685      2.92345      3.09113
-0.039875      0.167784      2.90788      3.07566
-0.03975      0.167884      2.89245      3.06033
-0.039625      0.167984      2.87716      3.04514
-0.0395      0.168084      2.86201      3.0301
-0.039375      0.168185      2.847      3.01519
-0.03925      0.168286      2.83214      3.00043
-0.039125      0.168388      2.81741      2.9858
-0.039      0.16849      2.80283      2.97132
-0.038875      0.168593      2.78838      2.95698
-0.03875      0.168696      2.77408      2.94277
-0.038625      0.168799      2.75991      2.92871
-0.0385      0.168903      2.74588      2.91478
-0.038375      0.169008      2.73198      2.90099
-0.03825      0.169113      2.71823      2.88734
-0.038125      0.169218      2.70461      2.87383
-0.038      0.169324      2.69112      2.86045
-0.037875      0.169431      2.67777      2.8472
-0.03775      0.169538      2.66456      2.8341
-0.037625      0.169645      2.65148      2.82112
-0.0375      0.169753      2.63853      2.80828
-0.037375      0.169862      2.62571      2.79557
-0.03725      0.169972      2.61303      2.783
-0.037125      0.170082      2.60047      2.77055
-0.037      0.170192      2.58805      2.75824
-0.036875      0.170303      2.57575      2.74606
-0.03675      0.170415      2.56359      2.734
-0.036625      0.170528      2.55155      2.72208
-0.0365      0.170641      2.53964      2.71028
-0.036375      0.170755      2.52785      2.69861
-0.03625      0.17087      2.51619      2.68706
-0.036125      0.170985      2.50466      2.67564
-0.036      0.171101      2.49324      2.66434
-0.035875      0.171218      2.48195      2.65317
-0.03575      0.171336      2.47078      2.64212
-0.035625      0.171454      2.45973      2.63119
-0.0355      0.171573      2.4488      2.62038
-0.035375      0.171693      2.43799      2.60969
-0.03525      0.171814      2.4273      2.59911
-0.035125      0.171936      2.41672      2.58866
-0.035      0.172058      2.40626      2.57832
-0.034875      0.172182      2.39591      2.56809
-0.03475      0.172306      2.38567      2.55798
-0.034625      0.172432      2.37555      2.54798
-0.0345      0.172558      2.36553      2.53809
-0.034375      0.172686      2.35563      2.52831
-0.03425      0.172814      2.34583      2.51865
-0.034125      0.172943      2.33614      2.50909
-0.034      0.173074      2.32656      2.49963
-0.033875      0.173205      2.31708      2.49028
-0.03375      0.173338      2.3077      2.48104
-0.033625      0.173471      2.29843      2.4719
-0.0335      0.173606      2.28925      2.46286
-0.033375      0.173742      2.28018      2.45392
-0.03325      0.173879      2.2712      2.44508
-0.033125      0.174018      2.26232      2.43634
-0.033      0.174158      2.25353      2.42769
-0.032875      0.174299      2.24484      2.41914
-0.03275      0.174441      2.23624      2.41068
-0.032625      0.174584      2.22772      2.40231
-0.0325      0.174729      2.2193      2.39403
-0.032375      0.174876      2.21097      2.38584
-0.03225      0.175023      2.20272      2.37774
-0.032125      0.175173      2.19455      2.36972
-0.032      0.175323      2.18647      2.36179
-0.031875      0.175475      2.17847      2.35394
-0.03175      0.175629      2.17054      2.34617
-0.031625      0.175784      2.1627      2.33848
-0.0315      0.175941      2.15493      2.33087
-0.031375      0.1761      2.14723      2.32333
-0.03125      0.17626      2.13961      2.31587
-0.031125      0.176422      2.13205      2.30848
-0.031      0.176586      2.12457      2.30115
-0.030875      0.176751      2.11715      2.2939
-0.03075      0.176918      2.1098      2.28672
-0.030625      0.177087      2.10251      2.27959
-0.0305      0.177258      2.09528      2.27253
-0.030375      0.177431      2.08811      2.26554
-0.03025      0.177606      2.08099      2.2586
-0.030125      0.177783      2.07393      2.25171
-0.03      0.177961      2.06693      2.24489
-0.029875      0.178142      2.05997      2.23811
-0.02975      0.178325      2.05306      2.23139
-0.029625      0.17851      2.0462      2.22471
-0.0295      0.178697      2.03938      2.21808
-0.029375      0.178887      2.03261      2.2115
-0.02925      0.179078      2.02587      2.20495
-0.029125      0.179272      2.01918      2.19845
-0.029      0.179468      2.01251      2.19198
-0.028875      0.179666      2.00588      2.18555
-0.02875      0.179867      1.99928      2.17915
-0.028625      0.180071      1.99271      2.17278
-0.0285      0.180276      1.98616      2.16644
-0.028375      0.180484      1.97964      2.16013
-0.02825      0.180695      1.97314      2.15383
-0.028125      0.180908      1.96665      2.14756
-0.028      0.181124      1.96018      2.14131
-0.027875      0.181342      1.95372      2.13507
-0.02775      0.181563      1.94727      2.12884
-0.027625      0.181787      1.94083      2.12262
-0.0275      0.182014      1.9344      2.11641
-0.027375      0.182243      1.92796      2.1102
-0.02725      0.182475      1.92153      2.104
-0.027125      0.182709      1.91509      2.09779
-0.027      0.182947      1.90864      2.09158
-0.026875      0.183187      1.90218      2.08537
-0.02675      0.183431      1.89571      2.07914
-0.026625      0.183677      1.88923      2.0729
-0.0265      0.183926      1.88272      2.06665
-0.026375      0.184178      1.87619      2.06037
-0.02625      0.184433      1.86964      2.05408
-0.026125      0.184691      1.86306      2.04776
-0.026      0.184952      1.85645      2.04141
-0.025875      0.185216      1.84981      2.03503
-0.02575      0.185483      1.84313      2.02861
-0.025625      0.185754      1.83641      2.02216
-0.0255      0.186027      1.82964      2.01567
-0.025375      0.186303      1.82283      2.00913
-0.02525      0.186583      1.81596      2.00254
-0.025125      0.186865      1.80904      1.99591
-0.025      0.187151      1.80207      1.98922
-0.024875      0.18744      1.79503      1.98247
-0.02475      0.187731      1.78794      1.97567
-0.024625      0.188027      1.78077      1.9688
-0.0245      0.188325      1.77353      1.96186
-0.024375      0.188626      1.76622      1.95485
-0.02425      0.18893      1.75884      1.94777
-0.024125      0.189238      1.75137      1.9406
-0.024      0.189548      1.74382      1.93336
-0.023875      0.189862      1.73618      1.92604
-0.02375      0.190178      1.72845      1.91862
-0.023625      0.190498      1.72062      1.91112
-0.0235      0.190821      1.7127      1.90352
-0.023375      0.191146      1.70468      1.89582
-0.02325      0.191475      1.69655      1.88803
-0.023125      0.191807      1.68832      1.88012
-0.023      0.192141      1.67997      1.87211
-0.022875      0.192479      1.67151      1.86399
-0.02275      0.192819      1.66294      1.85576
-0.022625      0.193162      1.65424      1.8474
-0.0225      0.193507      1.64542      1.83893
-0.022375      0.193856      1.63648      1.83034
-0.02225      0.194207      1.62741      1.82161
-0.022125      0.194561      1.6182      1.81276
-0.022      0.194917      1.60886      1.80378
-0.021875      0.195276      1.59938      1.79466
-0.02175      0.195637      1.58976      1.7854
-0.021625      0.196001      1.58      1.776
-0.0215      0.196367      1.5701      1.76646
-0.021375      0.196735      1.56004      1.75678
-0.02125      0.197106      1.54984      1.74695
-0.021125      0.197478      1.53948      1.73696
-0.021      0.197853      1.52898      1.72683
-0.020875      0.19823      1.51831      1.71654
-0.02075      0.198608      1.50749      1.7061
-0.020625      0.198989      1.49651      1.6955
-0.0205      0.199371      1.48537      1.68474
-0.020375      0.199755      1.47407      1.67382
-0.02025      0.20014      1.46261      1.66275
-0.020125      0.200527      1.45098      1.65151
-0.02      0.200916      1.43919      1.64011
-0.019875      0.201305      1.42724      1.62854
-0.01975      0.201696      1.41512      1.61681
-0.019625      0.202088      1.40284      1.60492
-0.0195      0.202482      1.39039      1.59287
-0.019375      0.202876      1.37778      1.58066
-0.01925      0.203271      1.36501      1.56828
-0.019125      0.203667      1.35208      1.55575
-0.019      0.204064      1.33899      1.54305
-0.018875      0.204461      1.32574      1.5302
-0.01875      0.204859      1.31233      1.51719
-0.018625      0.205257      1.29877      1.50402
-0.0185      0.205656      1.28505      1.49071
-0.018375      0.206055      1.27119      1.47725
-0.01825      0.206454      1.25718      1.46364
-0.018125      0.206853      1.24303      1.44989
-0.018      0.207253      1.22875      1.436
-0.017875      0.207652      1.21432      1.42198
-0.01775      0.208051      1.19977      1.40782
-0.017625      0.20845      1.18509      1.39354
-0.0175      0.208849      1.1703      1.37915
-0.017375      0.209247      1.15538      1.36463
-0.01725      0.209645      1.14037      1.35001
-0.017125      0.210042      1.12524      1.33529
-0.017      0.210439      1.11003      1.32046
-0.016875      0.210835      1.09472      1.30555
-0.01675      0.211231      1.07933      1.29056
-0.016625      0.211626      1.06387      1.2755
-0.0165      0.21202      1.04834      1.26036
-0.016375      0.212414      1.03276      1.24517
-0.01625      0.212806      1.01713      1.22993
-0.016125      0.213198      1.00145      1.21465
-0.016      0.213589      0.985752      1.19934
-0.015875      0.213979      0.970029      1.18401
-0.01575      0.214368      0.954294      1.16866
-0.015625      0.214756      0.93856      1.15332
-0.0155      0.215143      0.922835      1.13798
-0.015375      0.215529      0.90713      1.12266
-0.01525      0.215914      0.891457      1.10737
-0.015125      0.216298      0.875827      1.09212
-0.015      0.216681      0.86025      1.07693
-0.014875      0.217063      0.844739      1.0618
-0.01475      0.217445      0.829305      1.04675
-0.014625      0.217825      0.813959      1.03178
-0.0145      0.218204      0.798713      1.01692
-0.014375      0.218583      0.78358      1.00216
-0.01425      0.218961      0.76857      0.987531
-0.014125      0.219338      0.753697      0.973035
-0.014      0.219714      0.738971      0.958685
-0.013875      0.22009      0.724404      0.944494
-0.01375      0.220465      0.710008      0.930473
-0.013625      0.22084      0.695794      0.916634
-0.0135      0.221214      0.681773      0.902987
-0.013375      0.221587      0.667957      0.889544
-0.01325      0.221961      0.654356      0.876316
-0.013125      0.222334      0.64098      0.863313
-0.013      0.222706      0.627839      0.850545
-0.012875      0.223079      0.614943      0.838022
-0.01275      0.223451      0.602301      0.825753
-0.012625      0.223824      0.589922      0.813746
-0.0125      0.224196      0.577814      0.802011
-0.012375      0.224569      0.565985      0.790554
-0.01225      0.224942      0.554441      0.779384
-0.012125      0.225316      0.54319      0.768505
-0.012      0.225689      0.532236      0.757925
-0.011875      0.226063      0.521585      0.747649
-0.01175      0.226438      0.511242      0.73768
-0.011625      0.226814      0.50121      0.728024
-0.0115      0.22719      0.491492      0.718682
-0.011375      0.227567      0.482091      0.709658
-0.01125      0.227945      0.473007      0.700952
-0.011125      0.228324      0.464242      0.692566
-0.011      0.228703      0.455796      0.684499
-0.010875      0.229084      0.447667      0.676751
-0.01075      0.229466      0.439854      0.66932
-0.010625      0.22985      0.432354      0.662204
-0.0105      0.230234      0.425165      0.655399
-0.010375      0.23062      0.418282      0.648902
-0.01025      0.231008      0.411701      0.642709
-0.010125      0.231397      0.405416      0.636813
-0.01      0.231787      0.399422      0.631209
