-0.002      0.0164453      0.0634059      0.0798513
-0.002      0.0164453      0.0634059      0.0798513
-0.0019905      0.0164055      0.0632508      0.0796563
-0.001981      0.0163655      0.063096      0.0794615
-0.0019715      0.0163254      0.0629413      0.0792667
-0.001962      0.0162851      0.0627868      0.0790719
-0.0019525      0.0162446      0.0626326      0.0788772
-0.001943      0.016204      0.0624785      0.0786824
-0.0019335      0.0161632      0.0623245      0.0784877
-0.001924      0.0161223      0.0621707      0.0782929
-0.0019145      0.0160812      0.062017      0.0780982
-0.001905      0.01604      0.0618634      0.0779034
-0.0018955      0.0159986      0.0617099      0.0777085
-0.001886      0.0159571      0.0615564      0.0775135
-0.0018765      0.0159155      0.061403      0.0773185
-0.001867      0.0158737      0.0612497      0.0771234
-0.0018575      0.0158318      0.0610964      0.0769282
-0.001848      0.0157898      0.0609431      0.0767329
-0.0018385      0.0157477      0.0607898      0.0765375
-0.001829      0.0157054      0.0606365      0.0763419
-0.0018195      0.0156631      0.0604831      0.0761462
-0.00181      0.0156206      0.0603297      0.0759503
-0.0018005      0.015578      0.0601763      0.0757543
-0.001791      0.0155354      0.0600228      0.0755581
-0.0017815      0.0154926      0.0598692      0.0753618
-0.001772      0.0154498      0.0597155      0.0751653
-0.0017625      0.0154068      0.0595618      0.0749686
-0.001753      0.0153638      0.0594079      0.0747717
-0.0017435      0.0153207      0.0592539      0.0745746
-0.001734      0.0152775      0.0590998      0.0743773
-0.0017245      0.0152343      0.0589456      0.0741798
-0.001715      0.015191      0.0587912      0.0739822
-0.0017055      0.0151476      0.0586367      0.0737843
-0.001696      0.0151042      0.058482      0.0735862
-0.0016865      0.0150608      0.0583272      0.0733879
-0.001677      0.0150173      0.0581722      0.0731895
-0.0016675      0.0149737      0.0580171      0.0729908
-0.001658      0.0149302      0.0578618      0.0727919
-0.0016485      0.0148866      0.0577063      0.0725929
-0.001639      0.0148429      0.0575507      0.0723937
-0.0016295      0.0147993      0.0573949      0.0721942
-0.00162      0.0147557      0.057239      0.0719947
-0.0016105      0.014712      0.057083      0.0717949
-0.001601      0.0146683      0.0569267      0.0715951
-0.0015915      0.0146247      0.0567704      0.0713951
-0.001582      0.014581      0.0566139      0.0711949
-0.0015725      0.0145374      0.0564573      0.0709947
-0.001563      0.0144937      0.0563006      0.0707943
-0.0015535      0.0144501      0.0561438      0.0705939
-0.001544      0.0144065      0.0559869      0.0703934
-0.0015345      0.014363      0.0558299      0.0701928
-0.001525      0.0143194      0.0556728      0.0699922
-0.0015155      0.0142759      0.0555157      0.0697916
-0.001506      0.0142325      0.0553586      0.0695911
-0.0014965      0.0141891      0.0552014      0.0693905
-0.001487      0.0141457      0.0550443      0.06919
-0.0014775      0.0141024      0.0548871      0.0689896
-0.001468      0.0140592      0.05473      0.0687892
-0.0014585      0.014016      0.054573      0.068589
-0.001449      0.0139729      0.054416      0.0683889
-0.0014395      0.0139298      0.0542592      0.068189
-0.00143      0.0138869      0.0541024      0.0679893
-0.0014205      0.013844      0.0539458      0.0677898
-0.001411      0.0138012      0.0537894      0.0675906
-0.0014015      0.0137585      0.0536331      0.0673916
-0.001392      0.0137159      0.0534771      0.0671929
-0.0013825      0.0136733      0.0533212      0.0669946
-0.001373      0.0136309      0.0531657      0.0667966
-0.0013635      0.0135886      0.0530103      0.0665989
-0.001354      0.0135464      0.0528553      0.0664017
-0.0013445      0.0135043      0.0527005      0.0662048
-0.001335      0.0134623      0.0525461      0.0660084
-0.0013255      0.0134205      0.052392      0.0658125
-0.001316      0.0133788      0.0522382      0.065617
-0.0013065      0.0133372      0.0520848      0.065422
-0.001297      0.0132958      0.0519317      0.0652275
-0.0012875      0.0132545      0.0517789      0.0650335
-0.001278      0.0132134      0.0516265      0.0648399
-0.0012685      0.0131725      0.0514745      0.0646469
-0.001259      0.0131317      0.0513227      0.0644544
-0.0012495      0.0130911      0.0511713      0.0642624
-0.00124      0.0130506      0.0510202      0.0640708
-0.0012305      0.0130104      0.0508693      0.0638797
-0.001221      0.0129704      0.0507187      0.0636891
-0.0012115      0.0129306      0.0505682      0.0634988
-0.001202      0.012891      0.0504179      0.0633089
-0.0011925      0.0128516      0.0502677      0.0631193
-0.001183      0.0128125      0.0501175      0.06293
-0.0011735      0.0127736      0.0499672      0.0627408
-0.001164      0.012735      0.0498168      0.0625518
-0.0011545      0.0126966      0.0496661      0.0623628
-0.001145      0.0126586      0.0495151      0.0621737
-0.0011355      0.0126208      0.0493636      0.0619844
-0.001126      0.0125833      0.0492115      0.0617949
-0.0011165      0.0125462      0.0490586      0.0616048
-0.001107      0.0125094      0.0489048      0.0614142
-0.0010975      0.0124729      0.04875      0.0612229
-0.001088      0.0124368      0.0485938      0.0610306
-0.0010785      0.0124011      0.0484361      0.0608372
-0.001069      0.0123658      0.0482766      0.0606424
-0.0010595      0.0123308      0.0481152      0.060446
-0.00105      0.0122963      0.0479515      0.0602478
-0.0010405      0.0122622      0.0477853      0.0600475
-0.001031      0.0122285      0.0476162      0.0598447
-0.0010215      0.0121953      0.0474439      0.0596393
-0.001012      0.0121626      0.0472681      0.0594307
-0.0010025      0.0121304      0.0470883      0.0592187
-0.000993      0.0120986      0.0469043      0.0590029
-0.0009835      0.0120674      0.0467155      0.0587829
-0.000974      0.0120367      0.0465214      0.0585581
-0.0009645      0.0120065      0.0463218      0.0583283
-0.000955      0.0119768      0.0461159      0.0580928
-0.0009455      0.0119478      0.0459034      0.0578511
-0.000936      0.0119192      0.0456836      0.0576028
-0.0009265      0.0118912      0.0454559      0.0573472
-0.000917      0.0118638      0.0452199      0.0570837
-0.0009075      0.011837      0.0449748      0.0568118
-0.000898      0.0118107      0.04472      0.0565307
-0.0008885      0.011785      0.0444548      0.0562398
-0.000879      0.0117599      0.0441786      0.0559385
-0.0008695      0.0117353      0.0438906      0.0556259
-0.00086      0.0117113      0.0435902      0.0553014
-0.0008505      0.0116878      0.0432764      0.0549642
-0.000841      0.0116649      0.0429487      0.0546136
-0.0008315      0.0116424      0.0426063      0.0542487
-0.000822      0.0116205      0.0422483      0.0538688
-0.0008125      0.0115991      0.041874      0.0534731
-0.000803      0.0115781      0.0414827      0.0530608
-0.0007935      0.0115576      0.0410735      0.0526311
-0.000784      0.0115374      0.0406458      0.0521832
-0.0007745      0.0115177      0.0401988      0.0517164
-0.000765      0.0114982      0.0397318      0.05123
-0.0007555      0.0114791      0.0392442      0.0507233
-0.000746      0.0114602      0.0387354      0.0501956
-0.0007365      0.0114416      0.0382047      0.0496463
-0.000727      0.0114231      0.0376518      0.0490749
-0.0007175      0.0114047      0.0370762      0.0484809
-0.000708      0.0113864      0.0364775      0.0478639
-0.0006985      0.0113682      0.0358556      0.0472237
-0.000689      0.0113499      0.0352102      0.0465601
-0.0006795      0.0113315      0.0345415      0.045873
-0.00067      0.011313      0.0338496      0.0451625
-0.0006605      0.0112942      0.0331347      0.0444289
-0.000651      0.0112753      0.0323973      0.0436726
-0.0006415      0.011256      0.031638      0.042894
-0.000632      0.0112364      0.0308577      0.0420941
-0.0006225      0.0112164      0.0300573      0.0412737
-0.000613      0.0111959      0.0292381      0.040434
-0.0006035      0.0111749      0.0284015      0.0395764
-0.000594      0.0111534      0.0275492      0.0387026
-0.0005845      0.0111313      0.0266832      0.0378145
-0.000575      0.0111085      0.0258055      0.0369141
-0.0005655      0.0110851      0.0249185      0.0360037
-0.000556      0.0110611      0.0240249      0.035086
-0.0005465      0.0110363      0.0231275      0.0341638
-0.000537      0.0110108      0.0222293      0.03324
-0.0005275      0.0109845      0.0213335      0.032318
-0.000518      0.0109576      0.0204435      0.0314011
-0.0005085      0.0109299      0.019563      0.0304929
-0.000499      0.0109014      0.0186955      0.0295969
-0.0004895      0.0108723      0.0178448      0.028717
-0.00048      0.0108424      0.0170145      0.027857
-0.0004705      0.0108119      0.0162085      0.0270204
-0.000461      0.0107808      0.0154303      0.0262111
-0.0004515      0.010749      0.0146835      0.0254326
-0.000442      0.0107167      0.0139713      0.024688
-0.0004325      0.0106839      0.0132968      0.0239807
-0.000423      0.0106506      0.0126625      0.0233131
-0.0004135      0.0106168      0.012071      0.0226878
-0.000404      0.0105826      0.0115239      0.0221065
-0.0003945      0.0105481      0.0110226      0.0215707
-0.000385      0.0105133      0.010568      0.0210813
-0.0003755      0.0104782      0.0101602      0.0206384
-0.000366      0.0104428      0.00979891      0.0202417
-0.0003565      0.0104072      0.00948309      0.0198903
-0.000347      0.0103715      0.00921116      0.0195827
-0.0003375      0.0103356      0.008981      0.0193166
-0.000328      0.0102995      0.00878991      0.0190894
-0.0003185      0.0102633      0.0086348      0.0188981
-0.000309      0.010227      0.00851215      0.0187391
-0.0002995      0.0101905      0.00841823      0.0186088
-0.00029      0.010154      0.00834912      0.0185031
-0.0002805      0.0101174      0.00830088      0.0184182
-0.000271      0.0100806      0.00826968      0.0183503
-0.0002615      0.0100438      0.0082519      0.0182957
-0.000252      0.0100069      0.00824428      0.0182512
-0.0002425      0.00997      0.00824403      0.018214
-0.000233      0.00993301      0.00824886      0.0181819
-0.0002235      0.00989599      0.00825711      0.0181531
-0.000214      0.00985893      0.00826769      0.0181266
-0.0002045      0.00982185      0.00828006      0.0181019
-0.000195      0.00978472      0.00829419      0.0180789
-0.0001855      0.00974754      0.00831036      0.0180579
-0.000176      0.00971029      0.00832906      0.0180394
-0.0001665      0.00967297      0.00835082      0.0180238
-0.000157      0.0096356      0.00837602      0.0180116
-0.0001475      0.00959821      0.00840483      0.018003
-0.000138      0.00956085      0.00843713      0.017998
-0.0001285      0.00952356      0.00847254      0.0179961
-0.000119      0.00948635      0.00851047      0.0179968
-0.0001095      0.0094491      0.00855021      0.0179993
-0.0001      0.00941163      0.00859092      0.0180026
