-0.04      0.1541      2.85321      3.00731
-0.04      0.1541      2.85321      3.00731
-0.039875      0.154163      2.83514      2.98931
-0.03975      0.154226      2.81724      2.97147
-0.039625      0.154289      2.7995      2.95379
-0.0395      0.154352      2.78193      2.93628
-0.039375      0.154415      2.76451      2.91892
-0.03925      0.154478      2.74725      2.90173
-0.039125      0.154541      2.73016      2.8847
-0.039      0.154604      2.71322      2.86783
-0.038875      0.154667      2.69645      2.85111
-0.03875      0.15473      2.67983      2.83456
-0.038625      0.154794      2.66337      2.81816
-0.0385      0.154857      2.64707      2.80193
-0.038375      0.154921      2.63093      2.78585
-0.03825      0.154984      2.61495      2.76993
-0.038125      0.155048      2.59912      2.75417
-0.038      0.155112      2.58345      2.73856
-0.037875      0.155176      2.56793      2.72311
-0.03775      0.15524      2.55257      2.70781
-0.037625      0.155305      2.53737      2.69267
-0.0375      0.155369      2.52232      2.67768
-0.037375      0.155434      2.50742      2.66285
-0.03725      0.155499      2.49267      2.64817
-0.037125      0.155564      2.47808      2.63364
-0.037      0.15563      2.46364      2.61927
-0.036875      0.155695      2.44935      2.60504
-0.03675      0.155761      2.43521      2.59097
-0.036625      0.155827      2.42122      2.57704
-0.0365      0.155893      2.40738      2.56327
-0.036375      0.15596      2.39368      2.54964
-0.03625      0.156027      2.38013      2.53616
-0.036125      0.156094      2.36673      2.52283
-0.036      0.156162      2.35348      2.50964
-0.035875      0.15623      2.34037      2.4966
-0.03575      0.156298      2.3274      2.4837
-0.035625      0.156366      2.31457      2.47094
-0.0355      0.156435      2.30189      2.45833
-0.035375      0.156504      2.28935      2.44586
-0.03525      0.156574      2.27695      2.43352
-0.035125      0.156644      2.26469      2.42133
-0.035      0.156714      2.25257      2.40928
-0.034875      0.156785      2.24058      2.39737
-0.03475      0.156856      2.22873      2.38559
-0.034625      0.156928      2.21702      2.37395
-0.0345      0.157      2.20544      2.36244
-0.034375      0.157073      2.194      2.35107
-0.03425      0.157146      2.18269      2.33983
-0.034125      0.157219      2.17151      2.32872
-0.034      0.157293      2.16046      2.31775
-0.033875      0.157368      2.14954      2.3069
-0.03375      0.157443      2.13874      2.29619
-0.033625      0.157518      2.12808      2.2856
-0.0335      0.157595      2.11754      2.27514
-0.033375      0.157671      2.10713      2.2648
-0.03325      0.157749      2.09685      2.25459
-0.033125      0.157826      2.08668      2.24451
-0.033      0.157905      2.07664      2.23454
-0.032875      0.157984      2.06672      2.2247
-0.03275      0.158064      2.05692      2.21498
-0.032625      0.158144      2.04724      2.20538
-0.0325      0.158225      2.03767      2.1959
-0.032375      0.158307      2.02822      2.18653
-0.03225      0.158389      2.01889      2.17728
-0.032125      0.158473      2.00967      2.16814
-0.032      0.158556      2.00057      2.15912
-0.031875      0.158641      1.99157      2.15021
-0.03175      0.158727      1.98269      2.14141
-0.031625      0.158813      1.97391      2.13273
-0.0315      0.1589      1.96525      2.12415
-0.031375      0.158988      1.95669      2.11567
-0.03125      0.159076      1.94823      2.10731
-0.031125      0.159166      1.93988      2.09905
-0.031      0.159257      1.93163      2.09089
-0.030875      0.159348      1.92349      2.08284
-0.03075      0.15944      1.91544      2.07488
-0.030625      0.159534      1.90749      2.06703
-0.0305      0.159628      1.89964      2.05927
-0.030375      0.159723      1.89189      2.05161
-0.03025      0.15982      1.88423      2.04405
-0.030125      0.159917      1.87667      2.03658
-0.03      0.160015      1.86919      2.02921
-0.029875      0.160115      1.86181      2.02192
-0.02975      0.160216      1.85452      2.01473
-0.029625      0.160317      1.84731      2.00763
-0.0295      0.160421      1.84019      2.00061
-0.029375      0.160525      1.83315      1.99368
-0.02925      0.16063      1.8262      1.98683
-0.029125      0.160737      1.81933      1.98006
-0.029      0.160845      1.81253      1.97338
-0.028875      0.160955      1.80582      1.96677
-0.02875      0.161065      1.79918      1.96025
-0.028625      0.161178      1.79262      1.9538
-0.0285      0.161291      1.78613      1.94742
-0.028375      0.161406      1.77971      1.94112
-0.02825      0.161523      1.77336      1.93489
-0.028125      0.161641      1.76708      1.92872
-0.028      0.161761      1.76087      1.92263
-0.027875      0.161882      1.75472      1.9166
-0.02775      0.162005      1.74863      1.91064
-0.027625      0.16213      1.74261      1.90474
-0.0275      0.162257      1.73664      1.8989
-0.027375      0.162385      1.73073      1.89311
-0.02725      0.162515      1.72487      1.88739
-0.027125      0.162647      1.71907      1.88172
-0.027      0.16278      1.71332      1.8761
-0.026875      0.162916      1.70761      1.87053
-0.02675      0.163054      1.70196      1.86501
-0.026625      0.163193      1.69635      1.85954
-0.0265      0.163335      1.69078      1.85411
-0.026375      0.163479      1.68525      1.84872
-0.02625      0.163625      1.67975      1.84338
-0.026125      0.163773      1.6743      1.83807
-0.026      0.163924      1.66887      1.8328
-0.025875      0.164076      1.66348      1.82756
-0.02575      0.164231      1.65812      1.82235
-0.025625      0.164389      1.65278      1.81717
-0.0255      0.164549      1.64746      1.81201
-0.025375      0.164711      1.64217      1.80688
-0.02525      0.164876      1.63689      1.80177
-0.025125      0.165043      1.63163      1.79667
-0.025      0.165213      1.62638      1.79159
-0.024875      0.165386      1.62114      1.78653
-0.02475      0.165561      1.61591      1.78147
-0.024625      0.165739      1.61068      1.77642
-0.0245      0.16592      1.60546      1.77138
-0.024375      0.166104      1.60023      1.76633
-0.02425      0.16629      1.595      1.76129
-0.024125      0.166479      1.58975      1.75623
-0.024      0.166672      1.5845      1.75117
-0.023875      0.166867      1.57924      1.7461
-0.02375      0.167066      1.57395      1.74102
-0.023625      0.167267      1.56865      1.73592
-0.0235      0.167472      1.56332      1.73079
-0.023375      0.167679      1.55797      1.72564
-0.02325      0.16789      1.55258      1.72047
-0.023125      0.168104      1.54716      1.71526
-0.023      0.168322      1.5417      1.71002
-0.022875      0.168542      1.5362      1.70474
-0.02275      0.168766      1.53065      1.69942
-0.022625      0.168993      1.52506      1.69405
-0.0225      0.169224      1.51941      1.68863
-0.022375      0.169458      1.51371      1.68316
-0.02225      0.169695      1.50794      1.67764
-0.022125      0.169936      1.50212      1.67205
-0.022      0.17018      1.49622      1.6664
-0.021875      0.170427      1.49025      1.66068
-0.02175      0.170678      1.48421      1.65489
-0.021625      0.170933      1.47809      1.64902
-0.0215      0.171191      1.47188      1.64307
-0.021375      0.171452      1.46558      1.63703
-0.02125      0.171717      1.4592      1.63091
-0.021125      0.171985      1.45271      1.6247
-0.021      0.172257      1.44613      1.61839
-0.020875      0.172532      1.43944      1.61197
-0.02075      0.17281      1.43265      1.60546
-0.020625      0.173092      1.42574      1.59883
-0.0205      0.173377      1.41871      1.59209
-0.020375      0.173666      1.41157      1.58523
-0.02025      0.173958      1.4043      1.57826
-0.020125      0.174253      1.3969      1.57115
-0.02      0.174551      1.38937      1.56392
-0.019875      0.174852      1.3817      1.55655
-0.01975      0.175157      1.37389      1.54905
-0.019625      0.175464      1.36594      1.54141
-0.0195      0.175775      1.35784      1.53362
-0.019375      0.176088      1.34959      1.52568
-0.01925      0.176405      1.34119      1.51759
-0.019125      0.176724      1.33262      1.50935
-0.019      0.177046      1.32389      1.50094
-0.018875      0.17737      1.315      1.49237
-0.01875      0.177698      1.30594      1.48364
-0.018625      0.178027      1.29671      1.47474
-0.0185      0.178359      1.28731      1.46567
-0.018375      0.178694      1.27772      1.45642
-0.01825      0.17903      1.26796      1.44699
-0.018125      0.179369      1.25802      1.43739
-0.018      0.179709      1.24789      1.4276
-0.017875      0.180052      1.23758      1.41764
-0.01775      0.180396      1.22708      1.40748
-0.017625      0.180742      1.2164      1.39714
-0.0175      0.18109      1.20552      1.38661
-0.017375      0.181439      1.19446      1.3759
-0.01725      0.18179      1.1832      1.36499
-0.017125      0.182141      1.17176      1.3539
-0.017      0.182494      1.16012      1.34261
-0.016875      0.182848      1.14829      1.33114
-0.01675      0.183202      1.13628      1.31948
-0.016625      0.183557      1.12407      1.30763
-0.0165      0.183913      1.11168      1.2956
-0.016375      0.184269      1.09911      1.28338
-0.01625      0.184626      1.08635      1.27098
-0.016125      0.184983      1.07342      1.2584
-0.016      0.18534      1.06031      1.24565
-0.015875      0.185697      1.04703      1.23273
-0.01575      0.186054      1.03358      1.21964
-0.015625      0.18641      1.01997      1.20638
-0.0155      0.186766      1.0062      1.19297
-0.015375      0.187122      0.992285      1.17941
-0.01525      0.187477      0.978221      1.1657
-0.015125      0.187832      0.964019      1.15185
-0.015      0.188185      0.949686      1.13787
-0.014875      0.188538      0.93523      1.12377
-0.01475      0.18889      0.92066      1.10955
-0.014625      0.189241      0.905984      1.09522
-0.0145      0.18959      0.891212      1.0808
-0.014375      0.189939      0.876354      1.06629
-0.01425      0.190286      0.861421      1.05171
-0.014125      0.190632      0.846423      1.03705
-0.014      0.190976      0.831372      1.02235
-0.013875      0.191319      0.816279      1.0076
-0.01375      0.191661      0.801159      0.992819
-0.013625      0.192001      0.786022      0.978023
-0.0135      0.192339      0.770884      0.963223
-0.013375      0.192676      0.755756      0.948433
-0.01325      0.193012      0.740655      0.933667
-0.013125      0.193346      0.725593      0.918939
-0.013      0.193678      0.710586      0.904265
-0.012875      0.194009      0.695649      0.889658
-0.01275      0.194339      0.680797      0.875135
-0.012625      0.194667      0.666044      0.860711
-0.0125      0.194993      0.651408      0.846401
-0.012375      0.195318      0.636903      0.832221
-0.01225      0.195642      0.622545      0.818187
-0.012125      0.195965      0.608349      0.804314
-0.012      0.196286      0.59433      0.790617
-0.011875      0.196607      0.580505      0.777112
-0.01175      0.196926      0.566888      0.763813
-0.011625      0.197244      0.553493      0.750737
-0.0115      0.197561      0.540335      0.737896
-0.011375      0.197878      0.527428      0.725305
-0.01125      0.198193      0.514784      0.712978
-0.011125      0.198509      0.502418      0.700927
-0.011      0.198823      0.490341      0.689164
-0.010875      0.199137      0.478564      0.677701
-0.01075      0.199451      0.467098      0.666549
-0.010625      0.199765      0.455953      0.655717
-0.0105      0.200078      0.445137      0.645215
-0.010375      0.200392      0.434659      0.635051
-0.01025      0.200705      0.424525      0.62523
-0.010125      0.201019      0.414742      0.615761
-0.01      0.201333      0.405313      0.606646
