-0.04      0.134619      2.86878      3.00339
-0.04      0.134619      2.86878      3.00339
-0.0398542      0.134686      2.84225      2.97694
-0.0397083      0.134752      2.81597      2.95072
-0.0395625      0.134817      2.78998      2.92479
-0.0394167      0.134881      2.76425      2.89913
-0.0392708      0.134945      2.73877      2.87371
-0.039125      0.135008      2.71357      2.84858
-0.0389792      0.135071      2.68864      2.82371
-0.0388333      0.135132      2.66396      2.79909
-0.0386875      0.135193      2.63956      2.77476
-0.0385417      0.135254      2.61543      2.75069
-0.0383958      0.135313      2.59155      2.72687
-0.03825      0.135373      2.56795      2.70333
-0.0381042      0.135431      2.54462      2.68005
-0.0379583      0.135489      2.52154      2.65703
-0.0378125      0.135546      2.49874      2.63428
-0.0376667      0.135603      2.4762      2.6118
-0.0375208      0.135659      2.45391      2.58957
-0.037375      0.135714      2.4319      2.56761
-0.0372292      0.135769      2.41015      2.54592
-0.0370833      0.135823      2.38865      2.52447
-0.0369375      0.135877      2.36742      2.5033
-0.0367917      0.13593      2.34645      2.48238
-0.0366458      0.135983      2.32573      2.46171
-0.0365      0.136035      2.30528      2.44131
-0.0363542      0.136087      2.28509      2.42117
-0.0362083      0.136138      2.26513      2.40127
-0.0360625      0.136189      2.24545      2.38164
-0.0359167      0.136239      2.22602      2.36226
-0.0357708      0.136289      2.20683      2.34311
-0.035625      0.136338      2.1879      2.32423
-0.0354792      0.136387      2.16922      2.3056
-0.0353333      0.136436      2.15077      2.28721
-0.0351875      0.136484      2.13258      2.26907
-0.0350417      0.136532      2.11464      2.25117
-0.0348958      0.13658      2.09693      2.23351
-0.03475      0.136627      2.07947      2.2161
-0.0346042      0.136674      2.06225      2.19892
-0.0344583      0.13672      2.04525      2.18197
-0.0343125      0.136766      2.02851      2.16527
-0.0341667      0.136812      2.01199      2.14881
-0.0340208      0.136858      1.9957      2.13256
-0.033875      0.136904      1.97965      2.11655
-0.0337292      0.136949      1.96383      2.10077
-0.0335833      0.136994      1.94822      2.08521
-0.0334375      0.137039      1.93284      2.06988
-0.0332917      0.137083      1.91769      2.05477
-0.0331458      0.137128      1.90275      2.03988
-0.033      0.137172      1.88803      2.0252
-0.0328542      0.137217      1.87353      2.01075
-0.0327083      0.137261      1.85924      1.9965
-0.0325625      0.137305      1.84516      1.98247
-0.0324167      0.137349      1.83129      1.96864
-0.0322708      0.137393      1.81762      1.95502
-0.032125      0.137436      1.80417      1.9416
-0.0319792      0.13748      1.79091      1.92839
-0.0318333      0.137524      1.77785      1.91537
-0.0316875      0.137568      1.76499      1.90256
-0.0315417      0.137612      1.75233      1.88994
-0.0313958      0.137655      1.73985      1.87751
-0.03125      0.137699      1.72757      1.86527
-0.0311042      0.137743      1.71548      1.85323
-0.0309583      0.137787      1.70357      1.84136
-0.0308125      0.137831      1.69185      1.82968
-0.0306667      0.137875      1.68031      1.81818
-0.0305208      0.137919      1.66894      1.80686
-0.030375      0.137964      1.65775      1.79571
-0.0302292      0.138008      1.64674      1.78474
-0.0300833      0.138053      1.63589      1.77394
-0.0299375      0.138097      1.62521      1.76331
-0.0297917      0.138142      1.61471      1.75285
-0.0296458      0.138187      1.60436      1.74255
-0.0295      0.138233      1.59418      1.73241
-0.0293542      0.138278      1.58416      1.72244
-0.0292083      0.138324      1.57429      1.71262
-0.0290625      0.13837      1.56459      1.70296
-0.0289167      0.138416      1.55503      1.69345
-0.0287708      0.138462      1.54562      1.68408
-0.028625      0.138509      1.53636      1.67487
-0.0284792      0.138556      1.52725      1.66581
-0.0283333      0.138603      1.51828      1.65689
-0.0281875      0.138651      1.50946      1.64811
-0.0280417      0.138699      1.50077      1.63947
-0.0278958      0.138747      1.49222      1.63097
-0.02775      0.138796      1.48381      1.6226
-0.0276042      0.138845      1.47552      1.61437
-0.0274583      0.138894      1.46737      1.60626
-0.0273125      0.138944      1.45935      1.59829
-0.0271667      0.138994      1.45145      1.59045
-0.0270208      0.139044      1.44368      1.58272
-0.026875      0.139095      1.43603      1.57512
-0.0267292      0.139147      1.4285      1.56765
-0.0265833      0.139199      1.42109      1.56028
-0.0264375      0.139251      1.41379      1.55304
-0.0262917      0.139305      1.40661      1.54592
-0.0261458      0.139358      1.39954      1.5389
-0.026      0.139412      1.39258      1.53199
-0.0258542      0.139467      1.38573      1.5252
-0.0257083      0.139523      1.37898      1.51851
-0.0255625      0.139579      1.37234      1.51192
-0.0254167      0.139636      1.36581      1.50544
-0.0252708      0.139693      1.35936      1.49906
-0.025125      0.139752      1.35303      1.49278
-0.0249792      0.139811      1.34678      1.48659
-0.0248333      0.139871      1.34063      1.4805
-0.0246875      0.139932      1.33458      1.47451
-0.0245417      0.139994      1.32861      1.4686
-0.0243958      0.140057      1.32273      1.46279
-0.02425      0.140121      1.31694      1.45706
-0.0241042      0.140186      1.31123      1.45142
-0.0239583      0.140252      1.3056      1.44586
-0.0238125      0.140319      1.30006      1.44038
-0.0236667      0.140388      1.29459      1.43498
-0.0235208      0.140458      1.2892      1.42966
-0.023375      0.140529      1.28388      1.42441
-0.0232292      0.140602      1.27864      1.41924
-0.0230833      0.140677      1.27346      1.41414
-0.0229375      0.140753      1.26835      1.4091
-0.0227917      0.14083      1.26331      1.40414
-0.0226458      0.14091      1.25832      1.39923
-0.0225      0.140991      1.2534      1.39439
-0.0223542      0.141075      1.24853      1.38961
-0.0222083      0.14116      1.24372      1.38488
-0.0220625      0.141248      1.23896      1.3802
-0.0219167      0.141338      1.23424      1.37558
-0.0217708      0.14143      1.22957      1.371
-0.021625      0.141524      1.22495      1.36648
-0.0214792      0.141621      1.22037      1.36199
-0.0213333      0.141721      1.21582      1.35754
-0.0211875      0.141824      1.2113      1.35312
-0.0210417      0.141929      1.20681      1.34874
-0.0208958      0.142037      1.20235      1.34439
-0.02075      0.142149      1.19791      1.34006
-0.0206042      0.142264      1.19349      1.33575
-0.0204583      0.142382      1.18908      1.33146
-0.0203125      0.142503      1.18468      1.32718
-0.0201667      0.142628      1.18029      1.32291
-0.0200208      0.142757      1.17589      1.31865
-0.019875      0.14289      1.17149      1.31438
-0.0197292      0.143027      1.16708      1.31011
-0.0195833      0.143167      1.16266      1.30582
-0.0194375      0.143312      1.15821      1.30153
-0.0192917      0.143462      1.15374      1.29721
-0.0191458      0.143615      1.14924      1.29286
-0.019      0.143773      1.1447      1.28848
-0.0188542      0.143936      1.14012      1.28406
-0.0187083      0.144104      1.13548      1.27959
-0.0185625      0.144277      1.13079      1.27507
-0.0184167      0.144454      1.12604      1.27049
-0.0182708      0.144637      1.12121      1.26585
-0.018125      0.144824      1.11631      1.26113
-0.0179792      0.145017      1.11131      1.25633
-0.0178333      0.145216      1.10623      1.25144
-0.0176875      0.145419      1.10104      1.24646
-0.0175417      0.145628      1.09574      1.24137
-0.0173958      0.145843      1.09032      1.23616
-0.01725      0.146063      1.08478      1.23084
-0.0171042      0.146288      1.0791      1.22538
-0.0169583      0.14652      1.07326      1.21978
-0.0168125      0.146756      1.06728      1.21404
-0.0166667      0.146999      1.06114      1.20814
-0.0165208      0.147247      1.05481      1.20206
-0.016375      0.1475      1.04831      1.19581
-0.0162292      0.147759      1.04161      1.18937
-0.0160833      0.148023      1.03471      1.18273
-0.0159375      0.148293      1.02759      1.17589
-0.0157917      0.148568      1.02026      1.16883
-0.0156458      0.148848      1.01269      1.16153
-0.0155      0.149133      1.00488      1.15401
-0.0153542      0.149423      0.996815      1.14624
-0.0152083      0.149718      0.988487      1.1382
-0.0150625      0.150017      0.979894      1.12991
-0.0149167      0.15032      0.971022      1.12134
-0.0147708      0.150628      0.961856      1.11248
-0.014625      0.15094      0.952401      1.10334
-0.0144792      0.151255      0.942642      1.0939
-0.0143333      0.151574      0.932566      1.08414
-0.0141875      0.151896      0.92218      1.07408
-0.0140417      0.152222      0.911472      1.06369
-0.0138958      0.152549      0.900428      1.05298
-0.01375      0.15288      0.88906      1.04194
-0.0136042      0.153212      0.877357      1.03057
-0.0134583      0.153546      0.865309      1.01885
-0.0133125      0.153881      0.852932      1.00681
-0.0131667      0.154217      0.840217      0.994434
-0.0130208      0.154555      0.827158      0.981713
-0.012875      0.154892      0.813775      0.968667
-0.0127292      0.15523      0.800064      0.955294
-0.0125833      0.155567      0.786023      0.94159
-0.0124375      0.155904      0.771677      0.927581
-0.0122917      0.15624      0.757028      0.913268
-0.0121458      0.156575      0.742077      0.898652
-0.012      0.156907      0.726859      0.883766
-0.0118542      0.157238      0.711378      0.868616
-0.0117083      0.157567      0.695642      0.853209
-0.0115625      0.157894      0.679692      0.837585
-0.0114167      0.158217      0.663539      0.821756
-0.0112708      0.158538      0.647196      0.805734
-0.011125      0.158855      0.630713      0.789568
-0.0109792      0.159169      0.614105      0.773275
-0.0108333      0.15948      0.597392      0.756872
-0.0106875      0.159787      0.580629      0.740416
-0.0105417      0.160089      0.563839      0.723928
-0.0103958      0.160389      0.547044      0.707433
-0.01025      0.160684      0.530307      0.69099
-0.0101042      0.160974      0.513652      0.674627
-0.00995833      0.161262      0.497113      0.658374
-0.0098125      0.161545      0.480741      0.642285
-0.00966667      0.161824      0.464573      0.626396
-0.00952083      0.162099      0.448649      0.610747
-0.009375      0.16237      0.433011      0.595381
-0.00922917      0.162638      0.417699      0.580337
-0.00908333      0.162903      0.40275      0.565653
-0.0089375      0.163164      0.388206      0.55137
-0.00879167      0.163423      0.374101      0.537523
-0.00864583      0.163678      0.360468      0.524146
-0.0085      0.163931      0.347341      0.511272
-0.00835417      0.164182      0.334747      0.498929
-0.00820833      0.164431      0.32271      0.487141
-0.0080625      0.164678      0.311255      0.475933
-0.00791667      0.164923      0.300397      0.46532
-0.00777083      0.165168      0.290149      0.455317
-0.007625      0.165412      0.280521      0.445933
-0.00747917      0.165654      0.271517      0.437172
-0.00733333      0.165897      0.263136      0.429033
-0.0071875      0.16614      0.255373      0.421512
-0.00704167      0.166382      0.248218      0.4146
-0.00689583      0.166625      0.241655      0.408281
-0.00675      0.166869      0.235669      0.402538
-0.00660417      0.167113      0.230235      0.397348
-0.00645833      0.167358      0.225327      0.392685
-0.0063125      0.167604      0.220918      0.388522
-0.00616667      0.167852      0.216976      0.384827
-0.00602083      0.1681      0.213467      0.381567
-0.005875      0.16835      0.210358      0.378708
-0.00572917      0.168602      0.207614      0.376216
-0.00558333      0.168855      0.205199      0.374054
-0.0054375      0.169109      0.20308      0.37219
-0.00529167      0.169366      0.201224      0.37059
-0.00514583      0.169624      0.199598      0.369222
-0.005      0.169883      0.198174      0.368057
