-0.04      0.173907      2.94628      3.12019
-0.04      0.173907      2.94628      3.12019
-0.039875      0.174014      2.9318      3.10581
-0.03975      0.174121      2.91744      3.09156
-0.039625      0.174229      2.90322      3.07745
-0.0395      0.174337      2.88913      3.06347
-0.039375      0.174447      2.87517      3.04962
-0.03925      0.174557      2.86135      3.0359
-0.039125      0.174667      2.84765      3.02231
-0.039      0.174778      2.83408      3.00886
-0.038875      0.174891      2.82064      2.99553
-0.03875      0.175003      2.80732      2.98233
-0.038625      0.175117      2.79414      2.96926
-0.0385      0.175231      2.78108      2.95631
-0.038375      0.175346      2.76815      2.9435
-0.03825      0.175462      2.75534      2.93081
-0.038125      0.175579      2.74266      2.91824
-0.038      0.175697      2.73011      2.90581
-0.037875      0.175816      2.71768      2.89349
-0.03775      0.175935      2.70537      2.8813
-0.037625      0.176055      2.69318      2.86924
-0.0375      0.176177      2.68112      2.85729
-0.037375      0.176299      2.66917      2.84547
-0.03725      0.176422      2.65735      2.83377
-0.037125      0.176546      2.64565      2.82219
-0.037      0.176671      2.63406      2.81074
-0.036875      0.176798      2.6226      2.79939
-0.03675      0.176925      2.61125      2.78817
-0.036625      0.177053      2.60001      2.77707
-0.0365      0.177183      2.58889      2.76608
-0.036375      0.177313      2.57789      2.7552
-0.03625      0.177445      2.567      2.74444
-0.036125      0.177577      2.55622      2.7338
-0.036      0.177711      2.54555      2.72326
-0.035875      0.177847      2.53499      2.71284
-0.03575      0.177983      2.52455      2.70253
-0.035625      0.17812      2.51421      2.69233
-0.0355      0.178259      2.50398      2.68223
-0.035375      0.178399      2.49385      2.67225
-0.03525      0.178541      2.48383      2.66237
-0.035125      0.178684      2.47391      2.65259
-0.035      0.178828      2.4641      2.64292
-0.034875      0.178973      2.45438      2.63336
-0.03475      0.17912      2.44477      2.62389
-0.034625      0.179268      2.43525      2.61452
-0.0345      0.179418      2.42584      2.60526
-0.034375      0.179569      2.41652      2.59609
-0.03425      0.179722      2.40729      2.58702
-0.034125      0.179876      2.39816      2.57804
-0.034      0.180032      2.38913      2.56916
-0.033875      0.180189      2.38018      2.56037
-0.03375      0.180348      2.37132      2.55167
-0.033625      0.180508      2.36255      2.54306
-0.0335      0.180671      2.35387      2.53454
-0.033375      0.180834      2.34527      2.52611
-0.03325      0.181      2.33676      2.51776
-0.033125      0.181167      2.32833      2.5095
-0.033      0.181336      2.31998      2.50132
-0.032875      0.181507      2.31171      2.49321
-0.03275      0.18168      2.30351      2.48519
-0.032625      0.181854      2.2954      2.47725
-0.0325      0.18203      2.28735      2.46938
-0.032375      0.182208      2.27938      2.46159
-0.03225      0.182388      2.27148      2.45387
-0.032125      0.18257      2.26365      2.44622
-0.032      0.182754      2.25589      2.43864
-0.031875      0.18294      2.24819      2.43113
-0.03175      0.183128      2.24055      2.42368
-0.031625      0.183318      2.23298      2.4163
-0.0315      0.183511      2.22547      2.40898
-0.031375      0.183705      2.21801      2.40171
-0.03125      0.183901      2.21061      2.39451
-0.031125      0.1841      2.20326      2.38736
-0.031      0.1843      2.19597      2.38027
-0.030875      0.184503      2.18872      2.37323
-0.03075      0.184708      2.18153      2.36623
-0.030625      0.184916      2.17437      2.35929
-0.0305      0.185126      2.16726      2.35239
-0.030375      0.185338      2.1602      2.34553
-0.03025      0.185552      2.15317      2.33872
-0.030125      0.185769      2.14617      2.33194
-0.03      0.185988      2.13922      2.3252
-0.029875      0.186209      2.13229      2.3185
-0.02975      0.186433      2.12539      2.31183
-0.029625      0.18666      2.11852      2.30518
-0.0295      0.186889      2.11168      2.29857
-0.029375      0.18712      2.10485      2.29197
-0.02925      0.187354      2.09805      2.2854
-0.029125      0.18759      2.09126      2.27885
-0.029      0.18783      2.08449      2.27232
-0.028875      0.188071      2.07773      2.2658
-0.02875      0.188316      2.07098      2.2593
-0.028625      0.188562      2.06424      2.2528
-0.0285      0.188812      2.05749      2.24631
-0.028375      0.189064      2.05075      2.23982
-0.02825      0.189319      2.04401      2.23333
-0.028125      0.189577      2.03727      2.22684
-0.028      0.189837      2.03051      2.22035
-0.027875      0.1901      2.02375      2.21385
-0.02775      0.190366      2.01697      2.20734
-0.027625      0.190635      2.01018      2.20081
-0.0275      0.190906      2.00337      2.19427
-0.027375      0.19118      1.99653      2.18771
-0.02725      0.191457      1.98967      2.18113
-0.027125      0.191737      1.98278      2.17452
-0.027      0.19202      1.97586      2.16788
-0.026875      0.192305      1.96891      2.16121
-0.02675      0.192593      1.96191      2.15451
-0.026625      0.192885      1.95488      2.14776
-0.0265      0.193178      1.9478      2.14098
-0.026375      0.193475      1.94068      2.13415
-0.02625      0.193775      1.9335      2.12728
-0.026125      0.194077      1.92627      2.12035
-0.026      0.194382      1.91898      2.11337
-0.025875      0.19469      1.91164      2.10633
-0.02575      0.195001      1.90423      2.09923
-0.025625      0.195315      1.89675      2.09206
-0.0255      0.195631      1.8892      2.08483
-0.025375      0.19595      1.88158      2.07753
-0.02525      0.196272      1.87388      2.07015
-0.025125      0.196597      1.8661      2.0627
-0.025      0.196924      1.85824      2.05516
-0.024875      0.197254      1.85028      2.04754
-0.02475      0.197587      1.84224      2.03983
-0.024625      0.197923      1.83411      2.03203
-0.0245      0.198261      1.82588      2.02414
-0.024375      0.198602      1.81755      2.01615
-0.02425      0.198945      1.80911      2.00806
-0.024125      0.199291      1.80057      1.99986
-0.024      0.19964      1.79192      1.99156
-0.023875      0.199991      1.78316      1.98315
-0.02375      0.200345      1.77428      1.97462
-0.023625      0.200701      1.76528      1.96598
-0.0235      0.201059      1.75616      1.95722
-0.023375      0.20142      1.74691      1.94833
-0.02325      0.201783      1.73754      1.93932
-0.023125      0.202148      1.72804      1.93018
-0.023      0.202516      1.7184      1.92092
-0.022875      0.202886      1.70863      1.91151
-0.02275      0.203258      1.69871      1.90197
-0.022625      0.203632      1.68866      1.89229
-0.0225      0.204008      1.67847      1.88247
-0.022375      0.204386      1.66812      1.87251
-0.02225      0.204766      1.65763      1.8624
-0.022125      0.205148      1.647      1.85214
-0.022      0.205532      1.6362      1.84174
-0.021875      0.205918      1.62526      1.83118
-0.02175      0.206305      1.61416      1.82047
-0.021625      0.206694      1.6029      1.8096
-0.0215      0.207084      1.59149      1.79857
-0.021375      0.207476      1.57992      1.78739
-0.02125      0.20787      1.56818      1.77605
-0.021125      0.208265      1.55629      1.76455
-0.021      0.208661      1.54423      1.75289
-0.020875      0.209059      1.53202      1.74107
-0.02075      0.209458      1.51964      1.72909
-0.020625      0.209857      1.50709      1.71695
-0.0205      0.210258      1.49439      1.70465
-0.020375      0.21066      1.48152      1.69218
-0.02025      0.211063      1.46849      1.67956
-0.020125      0.211467      1.45531      1.66677
-0.02      0.211872      1.44196      1.65383
-0.019875      0.212277      1.42846      1.64074
-0.01975      0.212683      1.4148      1.62748
-0.019625      0.213089      1.40099      1.61408
-0.0195      0.213496      1.38702      1.60052
-0.019375      0.213904      1.37291      1.58681
-0.01925      0.214312      1.35865      1.57296
-0.019125      0.21472      1.34424      1.55896
-0.019      0.215129      1.3297      1.54483
-0.018875      0.215537      1.31502      1.53056
-0.01875      0.215946      1.30021      1.51616
-0.018625      0.216355      1.28527      1.50163
-0.0185      0.216764      1.27021      1.48697
-0.018375      0.217173      1.25503      1.4722
-0.01825      0.217582      1.23974      1.45732
-0.018125      0.217991      1.22434      1.44233
-0.018      0.218399      1.20884      1.42724
-0.017875      0.218808      1.19324      1.41205
-0.01775      0.219216      1.17756      1.39677
-0.017625      0.219623      1.16179      1.38142
-0.0175      0.220031      1.14595      1.36598
-0.017375      0.220438      1.13005      1.35049
-0.01725      0.220844      1.11408      1.33493
-0.017125      0.22125      1.09807      1.31932
-0.017      0.221656      1.08201      1.30367
-0.016875      0.222061      1.06592      1.28798
-0.01675      0.222465      1.04981      1.27227
-0.016625      0.222869      1.03368      1.25655
-0.0165      0.223273      1.01754      1.24082
-0.016375      0.223675      1.00141      1.22509
-0.01625      0.224078      0.985297      1.20937
-0.016125      0.224479      0.969205      1.19368
-0.016      0.22488      0.953148      1.17803
-0.015875      0.22528      0.937137      1.16242
-0.01575      0.22568      0.921183      1.14686
-0.015625      0.226079      0.905295      1.13137
-0.0155      0.226478      0.889485      1.11596
-0.015375      0.226876      0.873764      1.10064
-0.01525      0.227274      0.858143      1.08542
-0.015125      0.227671      0.842634      1.0703
-0.015      0.228067      0.827246      1.05531
-0.014875      0.228463      0.811992      1.04046
-0.01475      0.228859      0.796883      1.02574
-0.014625      0.229254      0.781928      1.01118
-0.0145      0.229649      0.76714      0.996789
-0.014375      0.230044      0.752528      0.982572
-0.01425      0.230438      0.738104      0.968542
-0.014125      0.230832      0.723877      0.954709
-0.014      0.231226      0.709857      0.941083
-0.013875      0.23162      0.696055      0.927675
-0.01375      0.232014      0.682479      0.914492
-0.013625      0.232408      0.669138      0.901545
-0.0135      0.232801      0.656041      0.888843
-0.013375      0.233196      0.643197      0.876393
-0.01325      0.23359      0.630613      0.864203
-0.013125      0.233984      0.618297      0.852281
-0.013      0.234379      0.606254      0.840633
-0.012875      0.234774      0.594493      0.829267
-0.01275      0.23517      0.583017      0.818187
-0.012625      0.235566      0.571833      0.807399
-0.0125      0.235963      0.560944      0.796907
-0.012375      0.23636      0.550355      0.786715
-0.01225      0.236758      0.540069      0.776828
-0.012125      0.237157      0.530089      0.767246
-0.012      0.237557      0.520416      0.757973
-0.011875      0.237958      0.511052      0.74901
-0.01175      0.238359      0.501997      0.740356
-0.011625      0.238762      0.493251      0.732013
-0.0115      0.239166      0.484813      0.723979
-0.011375      0.239571      0.476682      0.716254
-0.01125      0.239977      0.468856      0.708834
-0.011125      0.240385      0.461332      0.701717
-0.011      0.240794      0.454106      0.6949
-0.010875      0.241204      0.447174      0.688378
-0.01075      0.241616      0.440532      0.682148
-0.010625      0.242029      0.434175      0.676204
-0.0105      0.242444      0.428096      0.67054
-0.010375      0.242861      0.422289      0.66515
-0.01025      0.243279      0.416748      0.660027
-0.010125      0.243699      0.411465      0.655164
-0.01      0.24412      0.406433      0.650553
