-0.04      0.157896      2.86489      3.02278
-0.04      0.157896      2.86489      3.02278
-0.039875      0.157995      2.84797      3.00596
-0.03975      0.158095      2.8312      2.98929
-0.039625      0.158195      2.81458      2.97278
-0.0395      0.158295      2.79812      2.95642
-0.039375      0.158396      2.78181      2.94021
-0.03925      0.158497      2.76565      2.92415
-0.039125      0.158598      2.74964      2.90824
-0.039      0.158699      2.73379      2.89249
-0.038875      0.158801      2.71808      2.87688
-0.03875      0.158904      2.70252      2.86143
-0.038625      0.159006      2.68711      2.84612
-0.0385      0.159109      2.67186      2.83096
-0.038375      0.159212      2.65675      2.81596
-0.03825      0.159316      2.64178      2.8011
-0.038125      0.159419      2.62697      2.78639
-0.038      0.159524      2.6123      2.77182
-0.037875      0.159628      2.59778      2.75741
-0.03775      0.159733      2.5834      2.74314
-0.037625      0.159838      2.56917      2.72901
-0.0375      0.159944      2.55509      2.71503
-0.037375      0.16005      2.54114      2.70119
-0.03725      0.160156      2.52734      2.6875
-0.037125      0.160262      2.51369      2.67395
-0.037      0.160369      2.50017      2.66054
-0.036875      0.160477      2.4868      2.64727
-0.03675      0.160584      2.47356      2.63415
-0.036625      0.160692      2.46047      2.62116
-0.0365      0.1608      2.44751      2.60831
-0.036375      0.160909      2.4347      2.59561
-0.03625      0.161018      2.42202      2.58304
-0.036125      0.161128      2.40948      2.5706
-0.036      0.161237      2.39707      2.55831
-0.035875      0.161348      2.3848      2.54614
-0.03575      0.161458      2.37266      2.53412
-0.035625      0.161569      2.36065      2.52222
-0.0355      0.161681      2.34878      2.51046
-0.035375      0.161792      2.33704      2.49883
-0.03525      0.161905      2.32543      2.48734
-0.035125      0.162017      2.31395      2.47597
-0.035      0.16213      2.3026      2.46473
-0.034875      0.162244      2.29138      2.45362
-0.03475      0.162358      2.28028      2.44264
-0.034625      0.162472      2.26931      2.43178
-0.0345      0.162587      2.25846      2.42105
-0.034375      0.162703      2.24774      2.41044
-0.03425      0.162819      2.23714      2.39996
-0.034125      0.162935      2.22667      2.3896
-0.034      0.163052      2.21631      2.37936
-0.033875      0.163169      2.20608      2.36925
-0.03375      0.163287      2.19596      2.35925
-0.033625      0.163405      2.18596      2.34937
-0.0335      0.163524      2.17608      2.33961
-0.033375      0.163644      2.16632      2.32996
-0.03325      0.163764      2.15667      2.32043
-0.033125      0.163885      2.14713      2.31101
-0.033      0.164006      2.1377      2.30171
-0.032875      0.164128      2.12839      2.29252
-0.03275      0.164251      2.11919      2.28344
-0.032625      0.164374      2.11009      2.27447
-0.0325      0.164498      2.10111      2.26561
-0.032375      0.164623      2.09223      2.25685
-0.03225      0.164748      2.08345      2.2482
-0.032125      0.164875      2.07478      2.23966
-0.032      0.165002      2.06622      2.23122
-0.031875      0.165129      2.05775      2.22288
-0.03175      0.165258      2.04939      2.21464
-0.031625      0.165387      2.04112      2.20651
-0.0315      0.165517      2.03295      2.19847
-0.031375      0.165648      2.02488      2.19053
-0.03125      0.16578      2.0169      2.18269
-0.031125      0.165913      2.00902      2.17494
-0.031      0.166047      2.00123      2.16728
-0.030875      0.166182      1.99353      2.15971
-0.03075      0.166318      1.98592      2.15224
-0.030625      0.166454      1.9784      2.14486
-0.0305      0.166592      1.97097      2.13756
-0.030375      0.166731      1.96362      2.13035
-0.03025      0.166871      1.95635      2.12322
-0.030125      0.167013      1.94917      2.11618
-0.03      0.167155      1.94206      2.10922
-0.029875      0.167299      1.93504      2.10234
-0.02975      0.167444      1.92809      2.09554
-0.029625      0.16759      1.92122      2.08881
-0.0295      0.167737      1.91442      2.08216
-0.029375      0.167886      1.9077      2.07558
-0.02925      0.168036      1.90104      2.06908
-0.029125      0.168188      1.89446      2.06265
-0.029      0.168341      1.88794      2.05628
-0.028875      0.168495      1.88149      2.04998
-0.02875      0.168651      1.8751      2.04375
-0.028625      0.168809      1.86877      2.03758
-0.0285      0.168968      1.8625      2.03147
-0.028375      0.169129      1.85629      2.02541
-0.02825      0.169292      1.85013      2.01942
-0.028125      0.169456      1.84403      2.01348
-0.028      0.169622      1.83798      2.0076
-0.027875      0.16979      1.83197      2.00176
-0.02775      0.16996      1.82602      1.99598
-0.027625      0.170131      1.82011      1.99024
-0.0275      0.170305      1.81425      1.98455
-0.027375      0.17048      1.80842      1.9789
-0.02725      0.170657      1.80263      1.97329
-0.027125      0.170837      1.79688      1.96772
-0.027      0.171019      1.79116      1.96218
-0.026875      0.171202      1.78547      1.95668
-0.02675      0.171388      1.77982      1.9512
-0.026625      0.171576      1.77418      1.94576
-0.0265      0.171767      1.76857      1.94034
-0.026375      0.171959      1.76299      1.93495
-0.02625      0.172155      1.75742      1.92957
-0.026125      0.172352      1.75186      1.92421
-0.026      0.172552      1.74632      1.91887
-0.025875      0.172754      1.74079      1.91354
-0.02575      0.172959      1.73526      1.90822
-0.025625      0.173166      1.72974      1.90291
-0.0255      0.173376      1.72422      1.8976
-0.025375      0.173589      1.7187      1.89229
-0.02525      0.173804      1.71317      1.88697
-0.025125      0.174022      1.70763      1.88165
-0.025      0.174243      1.70209      1.87633
-0.024875      0.174466      1.69652      1.87099
-0.02475      0.174692      1.69094      1.86563
-0.024625      0.174921      1.68534      1.86026
-0.0245      0.175153      1.67971      1.85487
-0.024375      0.175388      1.67406      1.84945
-0.02425      0.175626      1.66837      1.844
-0.024125      0.175867      1.66265      1.83852
-0.024      0.17611      1.65689      1.833
-0.023875      0.176357      1.65108      1.82744
-0.02375      0.176607      1.64523      1.82184
-0.023625      0.176859      1.63933      1.81619
-0.0235      0.177115      1.63338      1.8105
-0.023375      0.177374      1.62737      1.80474
-0.02325      0.177636      1.6213      1.79893
-0.023125      0.177901      1.61516      1.79306
-0.023      0.178169      1.60895      1.78712
-0.022875      0.17844      1.60267      1.78111
-0.02275      0.178715      1.59631      1.77503
-0.022625      0.178992      1.58987      1.76887
-0.0225      0.179273      1.58335      1.76262
-0.022375      0.179557      1.57674      1.75629
-0.02225      0.179844      1.57003      1.74987
-0.022125      0.180134      1.56322      1.74336
-0.022      0.180427      1.55632      1.73675
-0.021875      0.180723      1.54931      1.73003
-0.02175      0.181022      1.54219      1.72321
-0.021625      0.181325      1.53495      1.71628
-0.0215      0.18163      1.5276      1.70923
-0.021375      0.181939      1.52012      1.70206
-0.02125      0.18225      1.51252      1.69477
-0.021125      0.182565      1.50479      1.68736
-0.021      0.182882      1.49693      1.67981
-0.020875      0.183202      1.48893      1.67213
-0.02075      0.183525      1.48078      1.66431
-0.020625      0.183851      1.4725      1.65635
-0.0205      0.18418      1.46406      1.64824
-0.020375      0.184511      1.45547      1.63998
-0.02025      0.184845      1.44673      1.63157
-0.020125      0.185182      1.43782      1.623
-0.02      0.185521      1.42876      1.61428
-0.019875      0.185862      1.41952      1.60539
-0.01975      0.186206      1.41012      1.59633
-0.019625      0.186553      1.40055      1.5871
-0.0195      0.186902      1.3908      1.5777
-0.019375      0.187252      1.38088      1.56813
-0.01925      0.187605      1.37078      1.55838
-0.019125      0.18796      1.36049      1.54845
-0.019      0.188317      1.35002      1.53834
-0.018875      0.188676      1.33937      1.52805
-0.01875      0.189037      1.32853      1.51757
-0.018625      0.189399      1.3175      1.5069
-0.0185      0.189763      1.30629      1.49605
-0.018375      0.190129      1.29488      1.48501
-0.01825      0.190496      1.28328      1.47378
-0.018125      0.190864      1.2715      1.46236
-0.018      0.191234      1.25952      1.45075
-0.017875      0.191604      1.24735      1.43896
-0.01775      0.191976      1.235      1.42697
-0.017625      0.192348      1.22245      1.4148
-0.0175      0.192722      1.20972      1.40244
-0.017375      0.193096      1.19681      1.3899
-0.01725      0.193471      1.18371      1.37718
-0.017125      0.193846      1.17043      1.36428
-0.017      0.194222      1.15698      1.3512
-0.016875      0.194598      1.14336      1.33796
-0.01675      0.194974      1.12956      1.32454
-0.016625      0.19535      1.11561      1.31096
-0.0165      0.195727      1.10149      1.29722
-0.016375      0.196103      1.08722      1.28332
-0.01625      0.196479      1.0728      1.26928
-0.016125      0.196855      1.05824      1.25509
-0.016      0.197231      1.04354      1.24077
-0.015875      0.197606      1.02871      1.22632
-0.01575      0.19798      1.01377      1.21175
-0.015625      0.198354      0.998711      1.19707
-0.0155      0.198728      0.98355      1.18228
-0.015375      0.1991      0.968295      1.1674
-0.01525      0.199472      0.952956      1.15243
-0.015125      0.199843      0.937542      1.13738
-0.015      0.200213      0.922064      1.12228
-0.014875      0.200582      0.906533      1.10711
-0.01475      0.200949      0.89096      1.09191
-0.014625      0.201316      0.875358      1.07667
-0.0145      0.201682      0.859738      1.06142
-0.014375      0.202046      0.844113      1.04616
-0.01425      0.20241      0.828497      1.03091
-0.014125      0.202772      0.812901      1.01567
-0.014      0.203132      0.797341      1.00047
-0.013875      0.203492      0.781829      0.985321
-0.01375      0.20385      0.766379      0.97023
-0.013625      0.204207      0.751007      0.955214
-0.0135      0.204563      0.735726      0.940289
-0.013375      0.204918      0.72055      0.925468
-0.01325      0.205271      0.705495      0.910766
-0.013125      0.205623      0.690574      0.896197
-0.013      0.205974      0.675803      0.881777
-0.012875      0.206324      0.661195      0.867519
-0.01275      0.206673      0.646765      0.853437
-0.012625      0.20702      0.632527      0.839547
-0.0125      0.207367      0.618495      0.825862
-0.012375      0.207713      0.604682      0.812395
-0.01225      0.208058      0.591101      0.799159
-0.012125      0.208402      0.577766      0.786168
-0.012      0.208745      0.564688      0.773434
-0.011875      0.209088      0.55188      0.760968
-0.01175      0.20943      0.539351      0.748782
-0.011625      0.209772      0.527114      0.736886
-0.0115      0.210113      0.515177      0.72529
-0.011375      0.210454      0.50355      0.714004
-0.01125      0.210794      0.492241      0.703035
-0.011125      0.211135      0.481257      0.692391
-0.011      0.211475      0.470604      0.68208
-0.010875      0.211815      0.46029      0.672105
-0.01075      0.212156      0.450317      0.662473
-0.010625      0.212497      0.44069      0.653187
-0.0105      0.212838      0.431412      0.644249
-0.010375      0.213179      0.422483      0.635662
-0.01025      0.213521      0.413905      0.627426
-0.010125      0.213863      0.405678      0.619541
-0.01      0.214206      0.397799      0.612006
