-0.006      0.0393215      0.178824      0.218146
-0.006      0.0393215      0.178824      0.218146
-0.0059735      0.0392619      0.178277      0.217539
-0.005947      0.0392019      0.177733      0.216935
-0.0059205      0.0391416      0.177192      0.216334
-0.005894      0.0390809      0.176654      0.215735
-0.0058675      0.0390198      0.176119      0.215139
-0.005841      0.0389583      0.175587      0.214545
-0.0058145      0.0388964      0.175058      0.213954
-0.005788      0.0388341      0.174532      0.213366
-0.0057615      0.0387713      0.174008      0.212779
-0.005735      0.0387081      0.173488      0.212196
-0.0057085      0.0386444      0.17297      0.211614
-0.005682      0.0385803      0.172455      0.211035
-0.0056555      0.0385157      0.171943      0.210458
-0.005629      0.0384506      0.171433      0.209884
-0.0056025      0.0383851      0.170926      0.209311
-0.005576      0.038319      0.170422      0.208741
-0.0055495      0.0382524      0.16992      0.208173
-0.005523      0.0381854      0.169421      0.207607
-0.0054965      0.0381178      0.168925      0.207042
-0.00547      0.0380496      0.168431      0.20648
-0.0054435      0.0379809      0.167939      0.20592
-0.005417      0.0379117      0.16745      0.205361
-0.0053905      0.037842      0.166963      0.204805
-0.005364      0.0377716      0.166478      0.20425
-0.0053375      0.0377007      0.165996      0.203696
-0.005311      0.0376293      0.165515      0.203145
-0.0052845      0.0375572      0.165037      0.202595
-0.005258      0.0374846      0.164561      0.202046
-0.0052315      0.0374115      0.164087      0.201499
-0.005205      0.0373377      0.163615      0.200953
-0.0051785      0.0372633      0.163145      0.200409
-0.005152      0.0371884      0.162677      0.199866
-0.0051255      0.0371128      0.162211      0.199324
-0.005099      0.0370367      0.161746      0.198783
-0.0050725      0.03696      0.161284      0.198243
-0.005046      0.0368827      0.160822      0.197705
-0.0050195      0.0368047      0.160363      0.197167
-0.004993      0.0367262      0.159904      0.196631
-0.0049665      0.0366472      0.159448      0.196095
-0.00494      0.0365675      0.158993      0.19556
-0.0049135      0.0364872      0.158539      0.195026
-0.004887      0.0364064      0.158086      0.194492
-0.0048605      0.036325      0.157634      0.193959
-0.004834      0.036243      0.157184      0.193427
-0.0048075      0.0361605      0.156735      0.192895
-0.004781      0.0360773      0.156287      0.192364
-0.0047545      0.0359937      0.15584      0.191833
-0.004728      0.0359095      0.155393      0.191303
-0.0047015      0.0358247      0.154948      0.190772
-0.004675      0.0357395      0.154503      0.190243
-0.0046485      0.0356537      0.154059      0.189713
-0.004622      0.0355674      0.153616      0.189183
-0.0045955      0.0354806      0.153173      0.188654
-0.004569      0.0353933      0.152731      0.188124
-0.0045425      0.0353056      0.152289      0.187595
-0.004516      0.0352174      0.151848      0.187066
-0.0044895      0.0351287      0.151407      0.186536
-0.004463      0.0350396      0.150967      0.186007
-0.0044365      0.03495      0.150527      0.185477
-0.00441      0.0348601      0.150087      0.184947
-0.0043835      0.0347698      0.149647      0.184417
-0.004357      0.034679      0.149208      0.183887
-0.0043305      0.0345879      0.148768      0.183356
-0.004304      0.0344965      0.148329      0.182826
-0.0042775      0.0344047      0.14789      0.182295
-0.004251      0.0343126      0.147451      0.181763
-0.0042245      0.0342202      0.147012      0.181232
-0.004198      0.0341275      0.146572      0.1807
-0.0041715      0.0340345      0.146133      0.180168
-0.004145      0.0339413      0.145694      0.179635
-0.0041185      0.0338478      0.145254      0.179102
-0.004092      0.0337541      0.144815      0.178569
-0.0040655      0.0336602      0.144375      0.178036
-0.004039      0.0335661      0.143936      0.177502
-0.0040125      0.0334719      0.143496      0.176968
-0.003986      0.0333775      0.143056      0.176434
-0.0039595      0.0332829      0.142616      0.175899
-0.003933      0.0331882      0.142176      0.175365
-0.0039065      0.0330934      0.141736      0.17483
-0.00388      0.0329985      0.141297      0.174295
-0.0038535      0.0329036      0.140857      0.17376
-0.003827      0.0328086      0.140417      0.173225
-0.0038005      0.0327135      0.139977      0.17269
-0.003774      0.0326184      0.139537      0.172155
-0.0037475      0.0325233      0.139097      0.171621
-0.003721      0.0324282      0.138658      0.171086
-0.0036945      0.0323332      0.138219      0.170552
-0.003668      0.0322381      0.13778      0.170018
-0.0036415      0.0321431      0.137342      0.169485
-0.003615      0.0320482      0.136904      0.168952
-0.0035885      0.0319533      0.136466      0.16842
-0.003562      0.0318586      0.136029      0.167888
-0.0035355      0.0317639      0.135593      0.167357
-0.003509      0.0316694      0.135157      0.166827
-0.0034825      0.0315749      0.134722      0.166297
-0.003456      0.0314807      0.134288      0.165769
-0.0034295      0.0313866      0.133855      0.165242
-0.003403      0.0312926      0.133423      0.164715
-0.0033765      0.0311989      0.132991      0.16419
-0.00335      0.0311054      0.132561      0.163666
-0.0033235      0.0310121      0.132132      0.163144
-0.003297      0.030919      0.131704      0.162623
-0.0032705      0.0308262      0.131277      0.162103
-0.003244      0.0307337      0.130851      0.161585
-0.0032175      0.0306415      0.130427      0.161068
-0.003191      0.0305495      0.130003      0.160553
-0.0031645      0.0304579      0.129581      0.160039
-0.003138      0.0303667      0.12916      0.159527
-0.0031115      0.0302758      0.12874      0.159016
-0.003085      0.0301854      0.128321      0.158506
-0.0030585      0.0300954      0.127903      0.157998
-0.003032      0.0300058      0.127486      0.157492
-0.0030055      0.0299167      0.12707      0.156986
-0.002979      0.0298281      0.126654      0.156482
-0.0029525      0.0297401      0.126238      0.155978
-0.002926      0.0296526      0.125822      0.155475
-0.0028995      0.0295657      0.125407      0.154972
-0.002873      0.0294795      0.12499      0.15447
-0.0028465      0.029394      0.124573      0.153967
-0.00282      0.0293093      0.124155      0.153464
-0.0027935      0.0292252      0.123735      0.15296
-0.002767      0.029142      0.123312      0.152454
-0.0027405      0.0290597      0.122887      0.151947
-0.002714      0.0289783      0.122459      0.151437
-0.0026875      0.0288978      0.122026      0.150924
-0.002661      0.0288184      0.121588      0.150406
-0.0026345      0.02874      0.121145      0.149885
-0.002608      0.0286627      0.120694      0.149357
-0.0025815      0.0285866      0.120237      0.148823
-0.002555      0.0285117      0.11977      0.148282
-0.0025285      0.0284381      0.119294      0.147732
-0.002502      0.0283659      0.118806      0.147172
-0.0024755      0.028295      0.118306      0.146601
-0.002449      0.0282255      0.117792      0.146017
-0.0024225      0.0281575      0.117262      0.14542
-0.002396      0.0280911      0.116715      0.144807
-0.0023695      0.0280262      0.11615      0.144176
-0.002343      0.027963      0.115563      0.143526
-0.0023165      0.0279014      0.114954      0.142856
-0.00229      0.0278415      0.11432      0.142162
-0.0022635      0.0277833      0.113659      0.141443
-0.002237      0.0277268      0.112969      0.140696
-0.0022105      0.0276721      0.112248      0.13992
-0.002184      0.0276191      0.111492      0.139111
-0.0021575      0.0275679      0.1107      0.138268
-0.002131      0.0275185      0.109868      0.137387
-0.0021045      0.0274707      0.108995      0.136466
-0.002078      0.0274247      0.108077      0.135502
-0.0020515      0.0273803      0.107112      0.134492
-0.002025      0.0273376      0.106096      0.133434
-0.0019985      0.0272963      0.105028      0.132324
-0.001972      0.0272565      0.103903      0.13116
-0.0019455      0.0272181      0.10272      0.129938
-0.001919      0.027181      0.101476      0.128657
-0.0018925      0.027145      0.100168      0.127313
-0.001866      0.0271101      0.0987937      0.125904
-0.0018395      0.027076      0.0973509      0.124427
-0.001813      0.0270427      0.0958376      0.12288
-0.0017865      0.02701      0.0942519      0.121262
-0.00176      0.0269777      0.0925925      0.11957
-0.0017335      0.0269456      0.0908583      0.117804
-0.001707      0.0269135      0.0890486      0.115962
-0.0016805      0.0268814      0.0871634      0.114045
-0.001654      0.0268489      0.0852029      0.112052
-0.0016275      0.0268158      0.0831682      0.109984
-0.001601      0.026782      0.081061      0.107843
-0.0015745      0.0267472      0.0788838      0.105631
-0.001548      0.0267113      0.0766396      0.103351
-0.0015215      0.0266741      0.0743326      0.101007
-0.001495      0.0266354      0.0719678      0.0986032
-0.0014685      0.026595      0.0695508      0.0961459
-0.001442      0.0265528      0.0670887      0.0936415
-0.0014155      0.0265086      0.064589      0.0910976
-0.001389      0.0264623      0.0620606      0.088523
-0.0013625      0.0264139      0.0595132      0.085927
-0.001336      0.0263631      0.0569571      0.0833203
-0.0013095      0.0263101      0.0544039      0.080714
-0.001283      0.0262547      0.0518655      0.0781202
-0.0012565      0.0261969      0.0493547      0.0755516
-0.00123      0.0261368      0.0468846      0.0730213
-0.0012035      0.0260743      0.0444684      0.0705428
-0.001177      0.0260096      0.0421198      0.0681294
-0.0011505      0.0259428      0.0398518      0.0657945
-0.001124      0.0258739      0.0376772      0.0635511
-0.0010975      0.025803      0.0356082      0.0614112
-0.001071      0.0257304      0.0336558      0.0593862
-0.0010445      0.0256561      0.0318298      0.0574859
-0.001018      0.0255802      0.0301384      0.0557187
-0.0009915      0.0255031      0.0285882      0.0540913
-0.000965      0.0254247      0.0271835      0.0526082
-0.0009385      0.0253453      0.0259265      0.0512718
-0.000912      0.025265      0.0248174      0.0500823
-0.0008855      0.0251839      0.0238537      0.0490376
-0.000859      0.0251022      0.0230308      0.048133
-0.0008325      0.02502      0.022342      0.047362
-0.000806      0.0249374      0.0217787      0.0467161
-0.0007795      0.0248544      0.0213305      0.0461849
-0.000753      0.0247712      0.020986      0.0457572
-0.0007265      0.0246877      0.0207327      0.0454204
-0.0007      0.0246041      0.0205578      0.0451618
