-0.014      0.0733222      0.460813      0.534135
-0.014      0.0733222      0.460813      0.534135
-0.0139375      0.0732622      0.458922      0.532184
-0.013875      0.0732013      0.457044      0.530246
-0.0138125      0.0731394      0.455181      0.52832
-0.01375      0.0730765      0.453331      0.526407
-0.0136875      0.0730127      0.451494      0.524507
-0.013625      0.0729477      0.449671      0.522618
-0.0135625      0.0728818      0.447861      0.520742
-0.0135      0.0728148      0.446064      0.518879
-0.0134375      0.0727467      0.44428      0.517027
-0.013375      0.0726775      0.442509      0.515187
-0.0133125      0.0726073      0.440752      0.513359
-0.01325      0.0725359      0.439007      0.511543
-0.0131875      0.0724635      0.437275      0.509738
-0.013125      0.0723898      0.435555      0.507945
-0.0130625      0.0723151      0.433848      0.506163
-0.013      0.0722392      0.432153      0.504393
-0.0129375      0.0721621      0.430471      0.502633
-0.012875      0.0720839      0.428801      0.500885
-0.0128125      0.0720045      0.427143      0.499148
-0.01275      0.0719239      0.425497      0.497421
-0.0126875      0.0718422      0.423863      0.495705
-0.012625      0.0717592      0.42224      0.493999
-0.0125625      0.0716751      0.420629      0.492304
-0.0125      0.0715897      0.419029      0.490619
-0.0124375      0.0715032      0.417441      0.488944
-0.012375      0.0714154      0.415864      0.487279
-0.0123125      0.0713265      0.414298      0.485624
-0.01225      0.0712363      0.412742      0.483979
-0.0121875      0.071145      0.411198      0.482343
-0.012125      0.0710525      0.409664      0.480716
-0.0120625      0.0709587      0.40814      0.479099
-0.012      0.0708638      0.406627      0.477491
-0.0119375      0.0707677      0.405123      0.475891
-0.011875      0.0706705      0.40363      0.4743
-0.0118125      0.070572      0.402146      0.472718
-0.01175      0.0704724      0.400672      0.471145
-0.0116875      0.0703717      0.399208      0.46958
-0.011625      0.0702698      0.397753      0.468022
-0.0115625      0.0701668      0.396306      0.466473
-0.0115      0.0700627      0.394869      0.464932
-0.0114375      0.0699575      0.393441      0.463398
-0.011375      0.0698513      0.392021      0.461872
-0.0113125      0.0697439      0.390609      0.460353
-0.01125      0.0696355      0.389206      0.458841
-0.0111875      0.0695261      0.387811      0.457337
-0.011125      0.0694157      0.386423      0.455839
-0.0110625      0.0693043      0.385044      0.454348
-0.011      0.0691919      0.383672      0.452864
-0.0109375      0.0690786      0.382307      0.451386
-0.010875      0.0689643      0.38095      0.449914
-0.0108125      0.0688492      0.379599      0.448449
-0.01075      0.0687331      0.378256      0.446989
-0.0106875      0.0686162      0.376919      0.445535
-0.010625      0.0684985      0.375589      0.444088
-0.0105625      0.06838      0.374265      0.442645
-0.0105      0.0682607      0.372948      0.441209
-0.0104375      0.0681406      0.371637      0.439777
-0.010375      0.0680198      0.370331      0.438351
-0.0103125      0.0678983      0.369032      0.43693
-0.01025      0.0677762      0.367738      0.435514
-0.0101875      0.0676534      0.36645      0.434103
-0.010125      0.06753      0.365167      0.432697
-0.0100625      0.067406      0.363889      0.431295
-0.01      0.0672814      0.362617      0.429899
-0.0099375      0.0671564      0.36135      0.428506
-0.009875      0.0670308      0.360088      0.427119
-0.0098125      0.0669047      0.358831      0.425736
-0.00975      0.0667783      0.357579      0.424357
-0.0096875      0.0666514      0.356332      0.422983
-0.009625      0.0665241      0.355089      0.421613
-0.0095625      0.0663965      0.353851      0.420248
-0.0095      0.0662685      0.352618      0.418887
-0.0094375      0.0661402      0.35139      0.41753
-0.009375      0.0660117      0.350166      0.416177
-0.0093125      0.0658829      0.348946      0.414829
-0.00925      0.065754      0.347732      0.413486
-0.0091875      0.0656248      0.346522      0.412146
-0.009125      0.0654954      0.345316      0.410812
-0.0090625      0.065366      0.344116      0.409482
-0.009      0.0652364      0.34292      0.408156
-0.0089375      0.0651067      0.341729      0.406835
-0.008875      0.064977      0.340542      0.405519
-0.0088125      0.0648473      0.339361      0.404208
-0.00875      0.0647175      0.338184      0.402902
-0.0086875      0.0645878      0.337013      0.401601
-0.008625      0.0644581      0.335847      0.400305
-0.0085625      0.0643285      0.334686      0.399014
-0.0085      0.064199      0.33353      0.397729
-0.0084375      0.0640696      0.33238      0.39645
-0.008375      0.0639403      0.331236      0.395176
-0.0083125      0.0638113      0.330097      0.393908
-0.00825      0.0636824      0.328964      0.392647
-0.0081875      0.0635538      0.327837      0.391391
-0.008125      0.0634254      0.326716      0.390142
-0.0080625      0.0632974      0.325602      0.388899
-0.008      0.0631696      0.324493      0.387663
-0.0079375      0.0630423      0.323391      0.386434
-0.007875      0.0629153      0.322296      0.385211
-0.0078125      0.0627887      0.321207      0.383996
-0.00775      0.0626626      0.320125      0.382787
-0.0076875      0.062537      0.319049      0.381586
-0.007625      0.062412      0.31798      0.380392
-0.0075625      0.0622876      0.316917      0.379205
-0.0075      0.0621637      0.315861      0.378025
-0.0074375      0.0620406      0.314811      0.376852
-0.007375      0.0619182      0.313768      0.375686
-0.0073125      0.0617966      0.312731      0.374527
-0.00725      0.0616759      0.311699      0.373375
-0.0071875      0.0615561      0.310674      0.37223
-0.007125      0.0614372      0.309653      0.37109
-0.0070625      0.0613195      0.308637      0.369957
-0.007      0.0612028      0.307626      0.368829
-0.0069375      0.0610873      0.306618      0.367706
-0.006875      0.0609731      0.305614      0.366587
-0.0068125      0.0608603      0.304612      0.365472
-0.00675      0.0607489      0.303611      0.36436
-0.0066875      0.060639      0.30261      0.363249
-0.006625      0.0605308      0.301609      0.36214
-0.0065625      0.0604243      0.300606      0.36103
-0.0065      0.0603196      0.2996      0.35992
-0.0064375      0.0602169      0.298589      0.358806
-0.006375      0.0601162      0.297572      0.357688
-0.0063125      0.0600176      0.296546      0.356563
-0.00625      0.0599213      0.29551      0.355431
-0.0061875      0.0598273      0.294461      0.354289
-0.006125      0.0597358      0.293398      0.353134
-0.0060625      0.0596469      0.292318      0.351965
-0.006      0.0595607      0.291217      0.350777
-0.0059375      0.0594772      0.290093      0.34957
-0.005875      0.0593967      0.288942      0.348339
-0.0058125      0.0593191      0.287762      0.347081
-0.00575      0.0592446      0.286548      0.345793
-0.0056875      0.0591732      0.285297      0.34447
-0.005625      0.0591052      0.284004      0.343109
-0.0055625      0.0590404      0.282665      0.341705
-0.0055      0.058979      0.281275      0.340254
-0.0054375      0.0589211      0.279829      0.338751
-0.005375      0.0588666      0.278323      0.33719
-0.0053125      0.0588156      0.27675      0.335566
-0.00525      0.0587682      0.275105      0.333873
-0.0051875      0.0587242      0.273382      0.332106
-0.005125      0.0586838      0.271574      0.330258
-0.0050625      0.0586467      0.269676      0.328323
-0.005      0.0586131      0.267681      0.326294
-0.0049375      0.0585827      0.265583      0.324165
-0.004875      0.0585555      0.263373      0.321929
-0.0048125      0.0585314      0.261046      0.319578
-0.00475      0.0585102      0.258595      0.317105
-0.0046875      0.0584917      0.256012      0.314503
-0.004625      0.0584758      0.25329      0.311766
-0.0045625      0.0584621      0.250424      0.308886
-0.0045      0.0584505      0.247406      0.305856
-0.0044375      0.0584407      0.244229      0.30267
-0.004375      0.0584324      0.240889      0.299321
-0.0043125      0.0584253      0.237379      0.295804
-0.00425      0.058419      0.233694      0.292113
-0.0041875      0.0584132      0.229831      0.288244
-0.004125      0.0584075      0.225785      0.284193
-0.0040625      0.0584015      0.221556      0.279957
-0.004      0.0583948      0.21714      0.275535
-0.0039375      0.0583871      0.212538      0.270925
-0.003875      0.0583779      0.207751      0.266129
-0.0038125      0.0583669      0.202782      0.261149
-0.00375      0.0583536      0.197635      0.255989
-0.0036875      0.0583376      0.192317      0.250655
-0.003625      0.0583186      0.186836      0.245154
-0.0035625      0.0582962      0.181202      0.239498
-0.0035      0.0582701      0.175427      0.233697
-0.0034375      0.05824      0.169527      0.227767
-0.003375      0.0582056      0.163519      0.221725
-0.0033125      0.0581667      0.157422      0.215589
-0.00325      0.0581232      0.151258      0.209381
-0.0031875      0.0580748      0.14505      0.203125
-0.003125      0.0580215      0.138826      0.196848
-0.0030625      0.0579632      0.132613      0.190576
-0.003      0.0578999      0.126441      0.184341
-0.0029375      0.0578317      0.120341      0.178173
-0.002875      0.0577586      0.114345      0.172104
-0.0028125      0.0576809      0.108486      0.166167
-0.00275      0.0575987      0.102797      0.160395
-0.0026875      0.0575122      0.097308      0.15482
-0.002625      0.0574217      0.0920509      0.149473
-0.0025625      0.0573274      0.087054      0.144381
-0.0025      0.0572297      0.0823433      0.139573
-0.0024375      0.0571288      0.0779411      0.13507
-0.002375      0.0570252      0.0738662      0.130891
-0.0023125      0.056919      0.0701325      0.127052
-0.00225      0.0568107      0.066749      0.12356
-0.0021875      0.0567004      0.0637192      0.12042
-0.002125      0.0565886      0.0610412      0.11763
-0.0020625      0.0564754      0.0587073      0.115183
-0.002      0.0563611      0.0567049      0.113066
-0.0019375      0.0562459      0.0550159      0.111262
-0.001875      0.0561301      0.0536186      0.109749
-0.0018125      0.0560137      0.0524874      0.108501
-0.00175      0.055897      0.0515944      0.107491
-0.0016875      0.0557802      0.0509104      0.106691
-0.001625      0.0556634      0.050406      0.106069
-0.0015625      0.0555467      0.0500524      0.105599
-0.0015      0.0554303      0.0498227      0.105253
