-0.04      0.171832      2.938      3.10983
-0.04      0.171832      2.938      3.10983
-0.039875      0.171937      2.92305      3.09498
-0.03975      0.172043      2.90823      3.08027
-0.039625      0.172149      2.89354      3.06569
-0.0395      0.172255      2.87899      3.05125
-0.039375      0.172362      2.86457      3.03694
-0.03925      0.172469      2.85029      3.02276
-0.039125      0.172577      2.83614      3.00872
-0.039      0.172685      2.82212      2.99481
-0.038875      0.172794      2.80824      2.98103
-0.03875      0.172903      2.79448      2.96739
-0.038625      0.173013      2.78086      2.95388
-0.0385      0.173123      2.76737      2.94049
-0.038375      0.173234      2.75401      2.92724
-0.03825      0.173345      2.74078      2.91412
-0.038125      0.173457      2.72768      2.90113
-0.038      0.173569      2.7147      2.88827
-0.037875      0.173682      2.70185      2.87554
-0.03775      0.173795      2.68914      2.86293
-0.037625      0.17391      2.67654      2.85045
-0.0375      0.174024      2.66407      2.8381
-0.037375      0.174139      2.65173      2.82587
-0.03725      0.174255      2.63951      2.81377
-0.037125      0.174372      2.62742      2.80179
-0.037      0.174489      2.61544      2.78993
-0.036875      0.174607      2.60359      2.7782
-0.03675      0.174725      2.59186      2.76659
-0.036625      0.174845      2.58025      2.7551
-0.0365      0.174964      2.56876      2.74373
-0.036375      0.175085      2.55739      2.73248
-0.03625      0.175207      2.54614      2.72134
-0.036125      0.175329      2.535      2.71033
-0.036      0.175452      2.52398      2.69943
-0.035875      0.175575      2.51307      2.68865
-0.03575      0.1757      2.50228      2.67798
-0.035625      0.175825      2.4916      2.66742
-0.0355      0.175951      2.48103      2.65698
-0.035375      0.176078      2.47057      2.64665
-0.03525      0.176206      2.46022      2.63643
-0.035125      0.176335      2.44998      2.62632
-0.035      0.176465      2.43985      2.61631
-0.034875      0.176596      2.42982      2.60642
-0.03475      0.176727      2.4199      2.59663
-0.034625      0.17686      2.41008      2.58694
-0.0345      0.176994      2.40037      2.57736
-0.034375      0.177128      2.39076      2.56789
-0.03425      0.177264      2.38124      2.55851
-0.034125      0.177401      2.37183      2.54923
-0.034      0.177539      2.36252      2.54006
-0.033875      0.177678      2.3533      2.53098
-0.03375      0.177818      2.34418      2.52199
-0.033625      0.177959      2.33515      2.51311
-0.0335      0.178102      2.32621      2.50431
-0.033375      0.178246      2.31736      2.49561
-0.03325      0.178391      2.30861      2.487
-0.033125      0.178537      2.29994      2.47848
-0.033      0.178685      2.29136      2.47004
-0.032875      0.178833      2.28286      2.4617
-0.03275      0.178984      2.27445      2.45344
-0.032625      0.179135      2.26612      2.44526
-0.0325      0.179289      2.25788      2.43716
-0.032375      0.179443      2.24971      2.42915
-0.03225      0.179599      2.24161      2.42121
-0.032125      0.179757      2.2336      2.41335
-0.032      0.179916      2.22566      2.40557
-0.031875      0.180076      2.21779      2.39786
-0.03175      0.180239      2.20999      2.39023
-0.031625      0.180403      2.20226      2.38266
-0.0315      0.180568      2.1946      2.37517
-0.031375      0.180735      2.187      2.36774
-0.03125      0.180904      2.17947      2.36037
-0.031125      0.181075      2.172      2.35307
-0.031      0.181248      2.16458      2.34583
-0.030875      0.181422      2.15723      2.33865
-0.03075      0.181598      2.14993      2.33153
-0.030625      0.181777      2.14269      2.32446
-0.0305      0.181957      2.13549      2.31745
-0.030375      0.182139      2.12835      2.31049
-0.03025      0.182323      2.12126      2.30358
-0.030125      0.182509      2.11421      2.29672
-0.03      0.182698      2.1072      2.2899
-0.029875      0.182888      2.10024      2.28312
-0.02975      0.183081      2.09331      2.27639
-0.029625      0.183276      2.08642      2.2697
-0.0295      0.183473      2.07957      2.26304
-0.029375      0.183672      2.07274      2.25641
-0.02925      0.183874      2.06595      2.24982
-0.029125      0.184078      2.05918      2.24326
-0.029      0.184284      2.05244      2.23673
-0.028875      0.184493      2.04572      2.23022
-0.02875      0.184704      2.03902      2.22373
-0.028625      0.184918      2.03234      2.21726
-0.0285      0.185134      2.02567      2.21081
-0.028375      0.185353      2.01902      2.20437
-0.02825      0.185575      2.01237      2.19795
-0.028125      0.185799      2.00573      2.19153
-0.028      0.186026      1.9991      2.18512
-0.027875      0.186255      1.99246      2.17872
-0.02775      0.186487      1.98582      2.17231
-0.027625      0.186722      1.97918      2.16591
-0.0275      0.18696      1.97253      2.1595
-0.027375      0.187201      1.96588      2.15308
-0.02725      0.187445      1.9592      2.14665
-0.027125      0.187691      1.95252      2.14021
-0.027      0.187941      1.94581      2.13375
-0.026875      0.188193      1.93908      2.12727
-0.02675      0.188448      1.93232      2.12077
-0.026625      0.188707      1.92554      2.11425
-0.0265      0.188968      1.91872      2.10769
-0.026375      0.189233      1.91187      2.10111
-0.02625      0.1895      1.90498      2.09448
-0.026125      0.189771      1.89805      2.08782
-0.026      0.190045      1.89108      2.08112
-0.025875      0.190322      1.88406      2.07438
-0.02575      0.190602      1.87698      2.06759
-0.025625      0.190885      1.86986      2.06074
-0.0255      0.191172      1.86267      2.05384
-0.025375      0.191462      1.85542      2.04689
-0.02525      0.191755      1.84811      2.03987
-0.025125      0.192051      1.84073      2.03278
-0.025      0.19235      1.83328      2.02563
-0.024875      0.192653      1.82576      2.01841
-0.02475      0.192959      1.81816      2.01111
-0.024625      0.193268      1.81047      2.00374
-0.0245      0.19358      1.8027      1.99628
-0.024375      0.193896      1.79485      1.98874
-0.02425      0.194215      1.7869      1.98111
-0.024125      0.194537      1.77885      1.97339
-0.024      0.194862      1.77071      1.96557
-0.023875      0.19519      1.76247      1.95766
-0.02375      0.195522      1.75412      1.94964
-0.023625      0.195857      1.74566      1.94152
-0.0235      0.196194      1.73709      1.93329
-0.023375      0.196535      1.72841      1.92494
-0.02325      0.19688      1.71961      1.91649
-0.023125      0.197227      1.71069      1.90791
-0.023      0.197577      1.70164      1.89922
-0.022875      0.19793      1.69247      1.8904
-0.02275      0.198286      1.68316      1.88145
-0.022625      0.198645      1.67373      1.87237
-0.0225      0.199007      1.66416      1.86316
-0.022375      0.199372      1.65445      1.85382
-0.02225      0.199739      1.6446      1.84433
-0.022125      0.200109      1.6346      1.83471
-0.022      0.200482      1.62446      1.82494
-0.021875      0.200858      1.61417      1.81503
-0.02175      0.201236      1.60373      1.80497
-0.021625      0.201617      1.59314      1.79476
-0.0215      0.202      1.5824      1.7844
-0.021375      0.202385      1.5715      1.77388
-0.02125      0.202773      1.56044      1.76321
-0.021125      0.203163      1.54922      1.75238
-0.021      0.203555      1.53784      1.7414
-0.020875      0.203949      1.5263      1.73025
-0.02075      0.204345      1.5146      1.71895
-0.020625      0.204743      1.50274      1.70748
-0.0205      0.205143      1.49071      1.69585
-0.020375      0.205545      1.47851      1.68406
-0.02025      0.205949      1.46616      1.67211
-0.020125      0.206354      1.45364      1.65999
-0.02      0.20676      1.44095      1.64771
-0.019875      0.207169      1.4281      1.63527
-0.01975      0.207578      1.41509      1.62267
-0.019625      0.207989      1.40192      1.60991
-0.0195      0.2084      1.38859      1.59699
-0.019375      0.208813      1.3751      1.58392
-0.01925      0.209227      1.36146      1.57069
-0.019125      0.209642      1.34766      1.5573
-0.019      0.210057      1.33371      1.54377
-0.018875      0.210474      1.31961      1.53009
-0.01875      0.210891      1.30537      1.51626
-0.018625      0.211308      1.29098      1.50229
-0.0185      0.211726      1.27646      1.48819
-0.018375      0.212144      1.26181      1.47395
-0.01825      0.212563      1.24702      1.45958
-0.018125      0.212981      1.23211      1.44509
-0.018      0.2134      1.21708      1.43048
-0.017875      0.213819      1.20194      1.41576
-0.01775      0.214237      1.18669      1.40092
-0.017625      0.214656      1.17133      1.38599
-0.0175      0.215074      1.15588      1.37096
-0.017375      0.215492      1.14035      1.35584
-0.01725      0.21591      1.12473      1.34064
-0.017125      0.216327      1.10904      1.32536
-0.017      0.216744      1.09328      1.31002
-0.016875      0.21716      1.07746      1.29462
-0.01675      0.217576      1.0616      1.27917
-0.016625      0.21799      1.04569      1.26368
-0.0165      0.218405      1.02976      1.24816
-0.016375      0.218818      1.0138      1.23262
-0.01625      0.219231      0.99783      1.21706
-0.016125      0.219642      0.981857      1.2015
-0.016      0.220053      0.965893      1.18595
-0.015875      0.220463      0.949946      1.17041
-0.01575      0.220872      0.934029      1.1549
-0.015625      0.221281      0.918151      1.13943
-0.0155      0.221688      0.902324      1.12401
-0.015375      0.222094      0.886559      1.10865
-0.01525      0.222499      0.870867      1.09337
-0.015125      0.222904      0.855259      1.07816
-0.015      0.223307      0.839747      1.06305
-0.014875      0.22371      0.824342      1.04805
-0.01475      0.224111      0.809056      1.03317
-0.014625      0.224512      0.7939      1.01841
-0.0145      0.224911      0.778885      1.0038
-0.014375      0.22531      0.764023      0.989334
-0.01425      0.225708      0.749326      0.975034
-0.014125      0.226106      0.734803      0.960908
-0.014      0.226502      0.720466      0.946968
-0.013875      0.226898      0.706326      0.933224
-0.01375      0.227293      0.692393      0.919686
-0.013625      0.227688      0.678676      0.906364
-0.0135      0.228082      0.665187      0.893269
-0.013375      0.228476      0.651934      0.880409
-0.01325      0.228869      0.638926      0.867795
-0.013125      0.229262      0.626172      0.855433
-0.013      0.229654      0.613679      0.843334
-0.012875      0.230047      0.601457      0.831504
-0.01275      0.230439      0.589511      0.81995
-0.012625      0.230832      0.577848      0.808679
-0.0125      0.231224      0.566474      0.797698
-0.012375      0.231616      0.555394      0.787011
-0.01225      0.232009      0.544614      0.776623
-0.012125      0.232402      0.534137      0.766539
-0.012      0.232795      0.523966      0.756762
-0.011875      0.233189      0.514105      0.747294
-0.01175      0.233583      0.504555      0.738138
-0.011625      0.233978      0.495317      0.729295
-0.0115      0.234374      0.486392      0.720765
-0.011375      0.23477      0.47778      0.712549
-0.01125      0.235167      0.469479      0.704646
-0.011125      0.235565      0.461489      0.697054
-0.011      0.235964      0.453807      0.689771
-0.010875      0.236364      0.44643      0.682793
-0.01075      0.236765      0.439354      0.676118
-0.010625      0.237167      0.432574      0.669741
-0.0105      0.237571      0.426087      0.663658
-0.010375      0.237975      0.419887      0.657862
-0.01025      0.238381      0.413966      0.652348
-0.010125      0.238789      0.40832      0.647109
-0.01      0.239198      0.40294      0.642138
