-0.016      0.0873483      0.577188      0.664537
-0.016      0.0873483      0.577188      0.664537
-0.01593      0.0872799      0.575164      0.662444
-0.01586      0.0872105      0.573157      0.660367
-0.01579      0.08714      0.571167      0.658307
-0.01572      0.0870686      0.569193      0.656261
-0.01565      0.0869961      0.567235      0.654231
-0.01558      0.0869227      0.565293      0.652216
-0.01551      0.0868482      0.563367      0.650216
-0.01544      0.0867729      0.561457      0.64823
-0.01537      0.0866965      0.559562      0.646259
-0.0153      0.0866192      0.557682      0.644301
-0.01523      0.086541      0.555817      0.642358
-0.01516      0.0864619      0.553967      0.640428
-0.01509      0.0863818      0.55213      0.638512
-0.01502      0.0863009      0.550308      0.636609
-0.01495      0.0862191      0.5485      0.634719
-0.01488      0.0861365      0.546706      0.632842
-0.01481      0.0860529      0.544925      0.630978
-0.01474      0.0859686      0.543157      0.629125
-0.01467      0.0858835      0.541402      0.627285
-0.0146      0.0857975      0.539659      0.625457
-0.01453      0.0857108      0.537929      0.62364
-0.01446      0.0856234      0.536212      0.621835
-0.01439      0.0855351      0.534506      0.620041
-0.01432      0.0854462      0.532812      0.618258
-0.01425      0.0853566      0.531129      0.616486
-0.01418      0.0852663      0.529458      0.614725
-0.01411      0.0851753      0.527798      0.612974
-0.01404      0.0850837      0.526149      0.611233
-0.01397      0.0849914      0.52451      0.609502
-0.0139      0.0848986      0.522882      0.607781
-0.01383      0.0848052      0.521265      0.60607
-0.01376      0.0847112      0.519657      0.604368
-0.01369      0.0846167      0.518059      0.602676
-0.01362      0.0845216      0.516471      0.600992
-0.01355      0.0844261      0.514892      0.599318
-0.01348      0.08433      0.513322      0.597652
-0.01341      0.0842335      0.511762      0.595996
-0.01334      0.0841366      0.510211      0.594347
-0.01327      0.0840393      0.508668      0.592707
-0.0132      0.0839415      0.507134      0.591076
-0.01313      0.0838434      0.505609      0.589452
-0.01306      0.083745      0.504092      0.587837
-0.01299      0.0836462      0.502583      0.586229
-0.01292      0.0835471      0.501082      0.584629
-0.01285      0.0834477      0.499589      0.583037
-0.01278      0.083348      0.498104      0.581452
-0.01271      0.083248      0.496627      0.579875
-0.01264      0.0831479      0.495157      0.578305
-0.01257      0.0830475      0.493695      0.576743
-0.0125      0.0829469      0.492241      0.575187
-0.01243      0.0828461      0.490793      0.573639
-0.01236      0.0827452      0.489353      0.572099
-0.01229      0.0826442      0.487921      0.570565
-0.01222      0.082543      0.486495      0.569038
-0.01215      0.0824417      0.485077      0.567519
-0.01208      0.0823403      0.483666      0.566006
-0.01201      0.0822389      0.482262      0.5645
-0.01194      0.0821374      0.480864      0.563002
-0.01187      0.0820358      0.479474      0.56151
-0.0118      0.0819343      0.478091      0.560025
-0.01173      0.0818328      0.476715      0.558548
-0.01166      0.0817312      0.475346      0.557077
-0.01159      0.0816298      0.473983      0.555613
-0.01152      0.0815283      0.472628      0.554156
-0.01145      0.081427      0.47128      0.552707
-0.01138      0.0813257      0.469938      0.551264
-0.01131      0.0812245      0.468603      0.549828
-0.01124      0.0811235      0.467276      0.548399
-0.01117      0.0810226      0.465955      0.546978
-0.0111      0.0809219      0.464641      0.545563
-0.01103      0.0808214      0.463334      0.544155
-0.01096      0.080721      0.462034      0.542755
-0.01089      0.0806209      0.460741      0.541362
-0.01082      0.080521      0.459454      0.539975
-0.01075      0.0804215      0.458175      0.538596
-0.01068      0.0803222      0.456902      0.537224
-0.01061      0.0802232      0.455636      0.535859
-0.01054      0.0801245      0.454376      0.534501
-0.01047      0.0800263      0.453123      0.533149
-0.0104      0.0799284      0.451876      0.531805
-0.01033      0.079831      0.450636      0.530467
-0.01026      0.079734      0.449402      0.529136
-0.01019      0.0796375      0.448173      0.527811
-0.01012      0.0795416      0.446951      0.526492
-0.01005      0.0794462      0.445734      0.52518
-0.00998      0.0793515      0.444522      0.523873
-0.00991      0.0792573      0.443315      0.522572
-0.00984      0.0791639      0.442112      0.521276
-0.00977      0.0790712      0.440914      0.519985
-0.0097      0.0789793      0.439719      0.518699
-0.00963      0.0788882      0.438528      0.517416
-0.00956      0.078798      0.43734      0.516138
-0.00949      0.0787087      0.436153      0.514862
-0.00942      0.0786205      0.434968      0.513589
-0.00935      0.0785333      0.433784      0.512317
-0.00928      0.0784472      0.4326      0.511047
-0.00921      0.0783623      0.431415      0.509777
-0.00914      0.0782786      0.430228      0.508507
-0.00907      0.0781962      0.429039      0.507235
-0.009      0.0781153      0.427845      0.50596
-0.00893      0.0780358      0.426647      0.504683
-0.00886      0.0779579      0.425442      0.5034
-0.00879      0.0778815      0.424229      0.502111
-0.00872      0.0778069      0.423008      0.500815
-0.00865      0.0777341      0.421775      0.499509
-0.00858      0.0776631      0.420531      0.498194
-0.00851      0.0775941      0.419272      0.496866
-0.00844      0.0775271      0.417997      0.495524
-0.00837      0.0774622      0.416703      0.494166
-0.0083      0.0773996      0.41539      0.49279
-0.00823      0.0773392      0.414054      0.491393
-0.00816      0.0772813      0.412693      0.489974
-0.00809      0.0772258      0.411304      0.48853
-0.00802      0.0771729      0.409885      0.487058
-0.00795      0.0771226      0.408433      0.485556
-0.00788      0.077075      0.406945      0.48402
-0.00781      0.0770302      0.405418      0.482448
-0.00774      0.0769884      0.403848      0.480837
-0.00767      0.0769494      0.402233      0.479182
-0.0076      0.0769135      0.400567      0.477481
-0.00753      0.0768807      0.398849      0.47573
-0.00746      0.076851      0.397073      0.473924
-0.00739      0.0768245      0.395236      0.472061
-0.00732      0.0768012      0.393334      0.470135
-0.00725      0.0767812      0.391362      0.468143
-0.00718      0.0767644      0.389316      0.466081
-0.00711      0.076751      0.387192      0.463943
-0.00704      0.0767409      0.384984      0.461724
-0.00697      0.076734      0.382687      0.459421
-0.0069      0.0767305      0.380298      0.457029
-0.00683      0.0767302      0.377811      0.454541
-0.00676      0.0767332      0.37522      0.451954
-0.00669      0.0767393      0.372522      0.449261
-0.00662      0.0767486      0.36971      0.446458
-0.00655      0.0767608      0.36678      0.44354
-0.00648      0.0767759      0.363726      0.440502
-0.00641      0.0767939      0.360544      0.437338
-0.00634      0.0768146      0.357228      0.434043
-0.00627      0.0768377      0.353774      0.430612
-0.0062      0.0768633      0.350177      0.42704
-0.00613      0.076891      0.346432      0.423323
-0.00606      0.0769208      0.342536      0.419457
-0.00599      0.0769524      0.338484      0.415436
-0.00592      0.0769855      0.334272      0.411258
-0.00585      0.0770201      0.329899      0.406919
-0.00578      0.0770557      0.32536      0.402415
-0.00571      0.0770922      0.320653      0.397745
-0.00564      0.0771292      0.315778      0.392907
-0.00557      0.0771666      0.310732      0.387899
-0.0055      0.077204      0.305516      0.38272
-0.00543      0.0772411      0.300131      0.377372
-0.00536      0.0772777      0.294577      0.371854
-0.00529      0.0773133      0.288857      0.36617
-0.00522      0.0773478      0.282975      0.360322
-0.00515      0.0773809      0.276934      0.354315
-0.00508      0.0774121      0.270741      0.348153
-0.00501      0.0774413      0.264403      0.341844
-0.00494      0.0774681      0.257927      0.335395
-0.00487      0.0774924      0.251323      0.328815
-0.0048      0.0775137      0.244601      0.322115
-0.00473      0.077532      0.237775      0.315307
-0.00466      0.0775469      0.230857      0.308404
-0.00459      0.0775582      0.223863      0.301421
-0.00452      0.0775658      0.216809      0.294374
-0.00445      0.0775695      0.209712      0.287281
-0.00438      0.0775692      0.202592      0.280161
-0.00431      0.0775648      0.195469      0.273034
-0.00424      0.0775561      0.188365      0.265921
-0.00417      0.0775432      0.181301      0.258844
-0.0041      0.077526      0.174301      0.251827
-0.00403      0.0775045      0.167388      0.244893
-0.00396      0.0774788      0.160588      0.238066
-0.00389      0.0774489      0.153923      0.231371
-0.00382      0.0774149      0.147418      0.224832
-0.00375      0.077377      0.141096      0.218473
-0.00368      0.0773353      0.134981      0.212317
-0.00361      0.0772899      0.129095      0.206385
-0.00354      0.077241      0.123457      0.200698
-0.00347      0.0771889      0.118087      0.195276
-0.0034      0.0771337      0.113      0.190134
-0.00333      0.0770758      0.108212      0.185288
-0.00326      0.0770152      0.103733      0.180748
-0.00319      0.0769522      0.0995726      0.176525
-0.00312      0.0768872      0.0957353      0.172623
-0.00305      0.0768203      0.0922236      0.169044
-0.00298      0.0767517      0.0890361      0.165788
-0.00291      0.0766817      0.0861682      0.16285
-0.00284      0.0766105      0.0836119      0.160222
-0.00277      0.0765382      0.0813562      0.157894
-0.0027      0.0764651      0.0793871      0.155852
-0.00263      0.0763914      0.0776883      0.15408
-0.00256      0.076317      0.076241      0.152558
-0.00249      0.0762422      0.0750251      0.151267
-0.00242      0.076167      0.0740191      0.150186
-0.00235      0.0760914      0.0732009      0.149292
-0.00228      0.0760156      0.0725483      0.148564
-0.00221      0.0759394      0.0720396      0.147979
-0.00214      0.0758629      0.0716539      0.147517
-0.00207      0.0757859      0.0713717      0.147158
-0.002      0.0757084      0.0711749      0.146883
