-0.025      0.121733      1.16723      1.28896
-0.025      0.121733      1.16723      1.28896
-0.0249      0.121711      1.16189      1.2836
-0.0248      0.121688      1.1566      1.27829
-0.0247      0.121665      1.15138      1.27304
-0.0246      0.121641      1.14621      1.26785
-0.0245      0.121617      1.14109      1.26271
-0.0244      0.121592      1.13603      1.25762
-0.0243      0.121568      1.13103      1.25259
-0.0242      0.121543      1.12607      1.24762
-0.0241      0.121517      1.12118      1.24269
-0.024      0.121491      1.11633      1.23782
-0.0239      0.121465      1.11154      1.233
-0.0238      0.121439      1.10679      1.22823
-0.0237      0.121413      1.1021      1.22351
-0.0236      0.121386      1.09746      1.21885
-0.0235      0.121359      1.09287      1.21423
-0.0234      0.121332      1.08832      1.20966
-0.0233      0.121305      1.08383      1.20513
-0.0232      0.121277      1.07938      1.20066
-0.0231      0.121249      1.07498      1.19623
-0.023      0.121222      1.07063      1.19185
-0.0229      0.121194      1.06632      1.18751
-0.0228      0.121166      1.06206      1.18322
-0.0227      0.121138      1.05784      1.17898
-0.0226      0.12111      1.05367      1.17478
-0.0225      0.121081      1.04954      1.17062
-0.0224      0.121053      1.04545      1.16651
-0.0223      0.121025      1.04141      1.16244
-0.0222      0.120996      1.03741      1.15841
-0.0221      0.120968      1.03345      1.15442
-0.022      0.12094      1.02954      1.15048
-0.0219      0.120911      1.02566      1.14657
-0.0218      0.120883      1.02183      1.14271
-0.0217      0.120855      1.01803      1.13889
-0.0216      0.120827      1.01428      1.1351
-0.0215      0.120798      1.01056      1.13136
-0.0214      0.12077      1.00689      1.12766
-0.0213      0.120743      1.00325      1.12399
-0.0212      0.120715      0.999647      1.12036
-0.0211      0.120687      0.996085      1.11677
-0.021      0.12066      0.992559      1.11322
-0.0209      0.120632      0.989071      1.1097
-0.0208      0.120605      0.985619      1.10622
-0.0207      0.120578      0.982202      1.10278
-0.0206      0.120551      0.978822      1.09937
-0.0205      0.120524      0.975476      1.096
-0.0204      0.120498      0.972166      1.09266
-0.0203      0.120472      0.96889      1.08936
-0.0202      0.120446      0.965648      1.08609
-0.0201      0.12042      0.962439      1.08286
-0.02      0.120395      0.959264      1.07966
-0.0199      0.12037      0.956122      1.07649
-0.0198      0.120345      0.953012      1.07336
-0.0197      0.120321      0.949934      1.07026
-0.0196      0.120297      0.946888      1.06719
-0.0195      0.120273      0.943873      1.06415
-0.0194      0.12025      0.940889      1.06114
-0.0193      0.120227      0.937936      1.05816
-0.0192      0.120205      0.935012      1.05522
-0.0191      0.120183      0.932118      1.0523
-0.019      0.120161      0.929254      1.04941
-0.0189      0.12014      0.926417      1.04656
-0.0188      0.12012      0.923609      1.04373
-0.0187      0.1201      0.920829      1.04093
-0.0186      0.12008      0.918076      1.03816
-0.0185      0.120062      0.915349      1.03541
-0.0184      0.120044      0.912648      1.03269
-0.0183      0.120026      0.909973      1.03
-0.0182      0.120009      0.907323      1.02733
-0.0181      0.119993      0.904697      1.02469
-0.018      0.119978      0.902094      1.02207
-0.0179      0.119963      0.899514      1.01948
-0.0178      0.119949      0.896957      1.01691
-0.0177      0.119936      0.894421      1.01436
-0.0176      0.119924      0.891906      1.01183
-0.0175      0.119913      0.88941      1.00932
-0.0174      0.119903      0.886934      1.00684
-0.0173      0.119894      0.884476      1.00437
-0.0172      0.119886      0.882035      1.00192
-0.0171      0.119879      0.87961      0.999489
-0.017      0.119873      0.8772      0.997074
-0.0169      0.119869      0.874805      0.994673
-0.0168      0.119865      0.872422      0.992287
-0.0167      0.119863      0.870051      0.989915
-0.0166      0.119863      0.867691      0.987554
-0.0165      0.119864      0.86534      0.985203
-0.0164      0.119866      0.862996      0.982862
-0.0163      0.11987      0.86066      0.980529
-0.0162      0.119875      0.858328      0.978203
-0.0161      0.119882      0.855999      0.975881
-0.016      0.119891      0.853672      0.973563
-0.0159      0.119902      0.851345      0.971247
-0.0158      0.119914      0.849016      0.96893
-0.0157      0.119929      0.846684      0.966612
-0.0156      0.119945      0.844345      0.964291
-0.0155      0.119964      0.841999      0.961963
-0.0154      0.119984      0.839644      0.959628
-0.0153      0.120007      0.837276      0.957283
-0.0152      0.120033      0.834893      0.954926
-0.0151      0.12006      0.832494      0.952554
-0.015      0.12009      0.830075      0.950166
-0.0149      0.120123      0.827635      0.947757
-0.0148      0.120158      0.825169      0.945327
-0.0147      0.120196      0.822676      0.942872
-0.0146      0.120236      0.820153      0.940389
-0.0145      0.12028      0.817596      0.937875
-0.0144      0.120326      0.815002      0.935328
-0.0143      0.120375      0.812368      0.932744
-0.0142      0.120428      0.809691      0.930119
-0.0141      0.120483      0.806967      0.92745
-0.014      0.120542      0.804192      0.924734
-0.0139      0.120604      0.801364      0.921967
-0.0138      0.120669      0.798477      0.919146
-0.0137      0.120737      0.795528      0.916265
-0.0136      0.120809      0.792513      0.913323
-0.0135      0.120885      0.789428      0.910313
-0.0134      0.120964      0.786269      0.907233
-0.0133      0.121046      0.783031      0.904077
-0.0132      0.121132      0.779709      0.900842
-0.0131      0.121222      0.7763      0.897522
-0.013      0.121316      0.772798      0.894114
-0.0129      0.121413      0.769199      0.890612
-0.0128      0.121513      0.765499      0.887012
-0.0127      0.121618      0.761691      0.883309
-0.0126      0.121726      0.757771      0.879497
-0.0125      0.121838      0.753735      0.875573
-0.0124      0.121954      0.749576      0.87153
-0.0123      0.122073      0.745291      0.867364
-0.0122      0.122196      0.740874      0.86307
-0.0121      0.122323      0.73632      0.858643
-0.012      0.122453      0.731624      0.854077
-0.0119      0.122587      0.72678      0.849367
-0.0118      0.122724      0.721785      0.844509
-0.0117      0.122865      0.716633      0.839497
-0.0116      0.123009      0.711319      0.834327
-0.0115      0.123156      0.705838      0.828994
-0.0114      0.123306      0.700187      0.823493
-0.0113      0.12346      0.69436      0.817819
-0.0112      0.123616      0.688353      0.811969
-0.0111      0.123775      0.682163      0.805938
-0.011      0.123936      0.675786      0.799723
-0.0109      0.1241      0.669218      0.793319
-0.0108      0.124267      0.662457      0.786723
-0.0107      0.124435      0.655498      0.779934
-0.0106      0.124606      0.648341      0.772947
-0.0105      0.124778      0.640983      0.765761
-0.0104      0.124952      0.633422      0.758375
-0.0103      0.125127      0.625659      0.750786
-0.0102      0.125304      0.617691      0.742995
-0.0101      0.125481      0.60952      0.735001
-0.01      0.12566      0.601146      0.726806
-0.0099      0.125838      0.592571      0.718409
-0.0098      0.126017      0.583797      0.709814
-0.0097      0.126196      0.574826      0.701023
-0.0096      0.126375      0.565663      0.692039
-0.0095      0.126554      0.556312      0.682866
-0.0094      0.126732      0.546779      0.673511
-0.0093      0.126909      0.53707      0.663978
-0.0092      0.127085      0.527191      0.654276
-0.0091      0.127259      0.517152      0.644411
-0.009      0.127432      0.506962      0.634394
-0.0089      0.127603      0.49663      0.624233
-0.0088      0.127773      0.486168      0.613941
-0.0087      0.12794      0.475588      0.603528
-0.0086      0.128104      0.464904      0.593008
-0.0085      0.128267      0.454129      0.582395
-0.0084      0.128426      0.443279      0.571705
-0.0083      0.128582      0.43237      0.560952
-0.0082      0.128736      0.421418      0.550154
-0.0081      0.128886      0.410443      0.53933
-0.008      0.129033      0.399463      0.528496
-0.0079      0.129177      0.388498      0.517674
-0.0078      0.129317      0.377566      0.506883
-0.0077      0.129454      0.366691      0.496144
-0.0076      0.129587      0.355892      0.485479
-0.0075      0.129716      0.345192      0.474908
-0.0074      0.129842      0.334612      0.464454
-0.0073      0.129965      0.324174      0.454139
-0.0072      0.130083      0.313901      0.443985
-0.0071      0.130199      0.303814      0.434013
-0.007      0.130311      0.293935      0.424245
-0.0069      0.13042      0.284283      0.414703
-0.0068      0.130525      0.274881      0.405406
-0.0067      0.130627      0.265746      0.396373
-0.0066      0.130727      0.256897      0.387623
-0.0065      0.130823      0.24835      0.379174
-0.0064      0.130917      0.240122      0.37104
-0.0063      0.131009      0.232227      0.363235
-0.0062      0.131098      0.224675      0.355773
-0.0061      0.131184      0.217478      0.348663
-0.006      0.131269      0.210644      0.341913
-0.0059      0.131352      0.204178      0.335531
-0.0058      0.131434      0.198085      0.329519
-0.0057      0.131514      0.192367      0.323881
-0.0056      0.131593      0.187022      0.318615
-0.0055      0.131671      0.182047      0.313718
-0.0054      0.131748      0.177438      0.309186
-0.0053      0.131824      0.173187      0.305011
-0.0052      0.131899      0.169285      0.301184
-0.0051      0.131974      0.165719      0.297693
-0.005      0.132049      0.162478      0.294527
