-0.03      0.126573      1.53118      1.65775
-0.03      0.126573      1.53118      1.65775
-0.029875      0.126584      1.52077      1.64736
-0.02975      0.126594      1.51051      1.63711
-0.029625      0.126603      1.5004      1.627
-0.0295      0.126612      1.49042      1.61703
-0.029375      0.12662      1.48058      1.6072
-0.02925      0.126629      1.47088      1.59751
-0.029125      0.126636      1.46131      1.58795
-0.029      0.126643      1.45188      1.57853
-0.028875      0.12665      1.44258      1.56923
-0.02875      0.126656      1.43341      1.56007
-0.028625      0.126662      1.42437      1.55103
-0.0285      0.126668      1.41546      1.54213
-0.028375      0.126673      1.40667      1.53334
-0.02825      0.126678      1.39801      1.52468
-0.028125      0.126683      1.38946      1.51615
-0.028      0.126688      1.38104      1.50773
-0.027875      0.126692      1.37274      1.49943
-0.02775      0.126696      1.36456      1.49125
-0.027625      0.126699      1.35649      1.48319
-0.0275      0.126703      1.34854      1.47524
-0.027375      0.126706      1.3407      1.4674
-0.02725      0.126709      1.33297      1.45968
-0.027125      0.126712      1.32535      1.45206
-0.027      0.126714      1.31784      1.44455
-0.026875      0.126717      1.31043      1.43715
-0.02675      0.126719      1.30313      1.42985
-0.026625      0.126721      1.29594      1.42266
-0.0265      0.126723      1.28884      1.41556
-0.026375      0.126726      1.28185      1.40857
-0.02625      0.126727      1.27495      1.40168
-0.026125      0.126729      1.26816      1.39489
-0.026      0.126731      1.26146      1.38819
-0.025875      0.126733      1.25485      1.38158
-0.02575      0.126735      1.24834      1.37507
-0.025625      0.126736      1.24192      1.36865
-0.0255      0.126738      1.23559      1.36232
-0.025375      0.12674      1.22934      1.35608
-0.02525      0.126742      1.22319      1.34993
-0.025125      0.126744      1.21712      1.34387
-0.025      0.126746      1.21114      1.33789
-0.024875      0.126748      1.20524      1.33199
-0.02475      0.12675      1.19943      1.32618
-0.024625      0.126752      1.19369      1.32045
-0.0245      0.126754      1.18804      1.31479
-0.024375      0.126756      1.18246      1.30922
-0.02425      0.126759      1.17696      1.30372
-0.024125      0.126762      1.17154      1.2983
-0.024      0.126764      1.1662      1.29296
-0.023875      0.126767      1.16092      1.28769
-0.02375      0.126771      1.15572      1.28249
-0.023625      0.126774      1.15059      1.27737
-0.0235      0.126778      1.14554      1.27231
-0.023375      0.126782      1.14055      1.26733
-0.02325      0.126786      1.13563      1.26241
-0.023125      0.126791      1.13077      1.25757
-0.023      0.126795      1.12599      1.25278
-0.022875      0.126801      1.12127      1.24807
-0.02275      0.126806      1.11661      1.24342
-0.022625      0.126812      1.11202      1.23883
-0.0225      0.126818      1.10748      1.2343
-0.022375      0.126825      1.10301      1.22984
-0.02225      0.126832      1.0986      1.22544
-0.022125      0.12684      1.09425      1.22109
-0.022      0.126848      1.08996      1.21681
-0.021875      0.126856      1.08572      1.21258
-0.02175      0.126866      1.08154      1.20841
-0.021625      0.126875      1.07742      1.20429
-0.0215      0.126886      1.07335      1.20023
-0.021375      0.126897      1.06933      1.19623
-0.02125      0.126909      1.06537      1.19227
-0.021125      0.126921      1.06145      1.18837
-0.021      0.126935      1.05759      1.18452
-0.020875      0.126949      1.05377      1.18072
-0.02075      0.126964      1.05      1.17697
-0.020625      0.12698      1.04628      1.17326
-0.0205      0.126997      1.04261      1.1696
-0.020375      0.127015      1.03898      1.16599
-0.02025      0.127034      1.03539      1.16242
-0.020125      0.127054      1.03184      1.15889
-0.02      0.127076      1.02833      1.15541
-0.019875      0.127099      1.02487      1.15197
-0.01975      0.127123      1.02144      1.14856
-0.019625      0.127148      1.01804      1.14519
-0.0195      0.127175      1.01469      1.14186
-0.019375      0.127204      1.01136      1.13856
-0.01925      0.127234      1.00807      1.1353
-0.019125      0.127266      1.0048      1.13207
-0.019      0.127299      1.00157      1.12887
-0.018875      0.127335      0.998356      1.12569
-0.01875      0.127372      0.99517      1.12254
-0.018625      0.127412      0.992006      1.11942
-0.0185      0.127453      0.988862      1.11631
-0.018375      0.127497      0.985735      1.11323
-0.01825      0.127543      0.982623      1.11017
-0.018125      0.127592      0.979523      1.10712
-0.018      0.127643      0.976434      1.10408
-0.017875      0.127697      0.973352      1.10105
-0.01775      0.127753      0.970274      1.09803
-0.017625      0.127813      0.967198      1.09501
-0.0175      0.127875      0.96412      1.09199
-0.017375      0.12794      0.961037      1.08898
-0.01725      0.128008      0.957945      1.08595
-0.017125      0.12808      0.954841      1.08292
-0.017      0.128155      0.951721      1.07988
-0.016875      0.128233      0.948581      1.07681
-0.01675      0.128315      0.945417      1.07373
-0.016625      0.128401      0.942225      1.07063
-0.0165      0.12849      0.939001      1.06749
-0.016375      0.128583      0.935739      1.06432
-0.01625      0.12868      0.932434      1.06111
-0.016125      0.128782      0.929083      1.05786
-0.016      0.128887      0.925679      1.05457
-0.015875      0.128996      0.922218      1.05121
-0.01575      0.12911      0.918693      1.0478
-0.015625      0.129228      0.9151      1.04433
-0.0155      0.129351      0.911431      1.04078
-0.015375      0.129477      0.907681      1.03716
-0.01525      0.129609      0.903843      1.03345
-0.015125      0.129745      0.899912      1.02966
-0.015      0.129886      0.89588      1.02577
-0.014875      0.130031      0.89174      1.02177
-0.01475      0.130181      0.887486      1.01767
-0.014625      0.130336      0.883109      1.01345
-0.0145      0.130495      0.878604      1.0091
-0.014375      0.130659      0.873962      1.00462
-0.01425      0.130828      0.869176      1
-0.014125      0.131001      0.864238      0.99524
-0.014      0.131179      0.85914      0.99032
-0.013875      0.131362      0.853875      0.985237
-0.01375      0.131549      0.848435      0.979983
-0.013625      0.13174      0.842811      0.974551
-0.0135      0.131936      0.836995      0.968931
-0.013375      0.132135      0.830981      0.963116
-0.01325      0.132339      0.82476      0.957099
-0.013125      0.132547      0.818324      0.950871
-0.013      0.132758      0.811666      0.944424
-0.012875      0.132973      0.804778      0.937752
-0.01275      0.133192      0.797654      0.930846
-0.012625      0.133413      0.790286      0.9237
-0.0125      0.133638      0.782669      0.916306
-0.012375      0.133865      0.774794      0.90866
-0.01225      0.134095      0.766658      0.900754
-0.012125      0.134327      0.758255      0.892583
-0.012      0.134562      0.749581      0.884142
-0.011875      0.134798      0.74063      0.875427
-0.01175      0.135035      0.7314      0.866435
-0.011625      0.135274      0.721889      0.857163
-0.0115      0.135513      0.712095      0.847608
-0.011375      0.135753      0.702016      0.83777
-0.01125      0.135994      0.691654      0.827648
-0.011125      0.136234      0.68101      0.817244
-0.011      0.136475      0.670086      0.80656
-0.010875      0.136714      0.658885      0.7956
-0.01075      0.136953      0.647414      0.784367
-0.010625      0.13719      0.635678      0.772868
-0.0105      0.137426      0.623685      0.761111
-0.010375      0.13766      0.611445      0.749105
-0.01025      0.137892      0.598969      0.73686
-0.010125      0.138121      0.586269      0.72439
-0.01      0.138348      0.573359      0.711707
-0.009875      0.138572      0.560256      0.698828
-0.00975      0.138792      0.546978      0.68577
-0.009625      0.13901      0.533543      0.672553
-0.0095      0.139224      0.519973      0.659197
-0.009375      0.139434      0.506292      0.645726
-0.00925      0.13964      0.492523      0.632163
-0.009125      0.139843      0.478692      0.618535
-0.009      0.140041      0.464828      0.604869
-0.008875      0.140235      0.45096      0.591195
-0.00875      0.140426      0.437118      0.577544
-0.008625      0.140612      0.423334      0.563945
-0.0085      0.140793      0.40964      0.550433
-0.008375      0.140971      0.39607      0.537041
-0.00825      0.141145      0.382657      0.523802
-0.008125      0.141315      0.369436      0.510751
-0.008      0.14148      0.356442      0.497922
-0.007875      0.141643      0.343707      0.48535
-0.00775      0.141801      0.331265      0.473067
-0.007625      0.141957      0.31915      0.461107
-0.0075      0.142109      0.307391      0.4495
-0.007375      0.142259      0.296018      0.438277
-0.00725      0.142405      0.285059      0.427465
-0.007125      0.14255      0.27454      0.417089
-0.007      0.142692      0.264482      0.407173
-0.006875      0.142832      0.254905      0.397736
-0.00675      0.14297      0.245825      0.388795
-0.006625      0.143107      0.237255      0.380363
-0.0065      0.143243      0.229205      0.372448
-0.006375      0.143378      0.221679      0.365057
-0.00625      0.143512      0.214679      0.358191
-0.006125      0.143646      0.2082      0.351846
-0.006      0.143779      0.202238      0.346016
-0.005875      0.143912      0.19678      0.340691
-0.00575      0.144045      0.191812      0.335856
-0.005625      0.144178      0.187316      0.331493
-0.0055      0.144311      0.18327      0.327581
-0.005375      0.144445      0.179652      0.324097
-0.00525      0.144579      0.176433      0.321012
-0.005125      0.144714      0.173587      0.318301
-0.005      0.144849      0.171084      0.315933
