-0.01      0.0537834      0.295749      0.349532
-0.01      0.0537834      0.295749      0.349532
-0.009955      0.0537033      0.294426      0.34813
-0.00991      0.0536227      0.29311      0.346733
-0.009865      0.0535416      0.291801      0.345343
-0.00982      0.05346      0.290498      0.343958
-0.009775      0.0533778      0.289202      0.34258
-0.00973      0.0532951      0.287913      0.341208
-0.009685      0.0532119      0.286631      0.339842
-0.00964      0.0531281      0.285355      0.338483
-0.009595      0.0530438      0.284087      0.337131
-0.00955      0.0529589      0.282825      0.335784
-0.009505      0.0528735      0.281571      0.334445
-0.00946      0.0527876      0.280324      0.333112
-0.009415      0.052701      0.279085      0.331786
-0.00937      0.0526139      0.277853      0.330467
-0.009325      0.0525263      0.276628      0.329154
-0.00928      0.052438      0.27541      0.327848
-0.009235      0.0523492      0.274201      0.32655
-0.00919      0.0522599      0.272999      0.325258
-0.009145      0.0521699      0.271804      0.323974
-0.0091      0.0520794      0.270617      0.322697
-0.009055      0.0519883      0.269438      0.321427
-0.00901      0.0518966      0.268267      0.320164
-0.008965      0.0518043      0.267104      0.318908
-0.00892      0.0517114      0.265949      0.31766
-0.008875      0.051618      0.264802      0.31642
-0.00883      0.051524      0.263663      0.315187
-0.008785      0.0514294      0.262532      0.313961
-0.00874      0.0513342      0.261409      0.312743
-0.008695      0.0512384      0.260294      0.311532
-0.00865      0.051142      0.259188      0.31033
-0.008605      0.0510451      0.258089      0.309135
-0.00856      0.0509476      0.257      0.307947
-0.008515      0.0508495      0.255918      0.306768
-0.00847      0.0507508      0.254845      0.305596
-0.008425      0.0506516      0.25378      0.304432
-0.00838      0.0505518      0.252724      0.303275
-0.008335      0.0504514      0.251676      0.302127
-0.00829      0.0503505      0.250636      0.300987
-0.008245      0.050249      0.249605      0.299854
-0.0082      0.050147      0.248582      0.298729
-0.008155      0.0500445      0.247568      0.297612
-0.00811      0.0499414      0.246562      0.296503
-0.008065      0.0498378      0.245564      0.295402
-0.00802      0.0497337      0.244575      0.294309
-0.007975      0.049629      0.243595      0.293224
-0.00793      0.0495239      0.242622      0.292146
-0.007885      0.0494182      0.241658      0.291076
-0.00784      0.0493121      0.240702      0.290014
-0.007795      0.0492055      0.239754      0.28896
-0.00775      0.0490985      0.238815      0.287913
-0.007705      0.048991      0.237883      0.286874
-0.00766      0.048883      0.23696      0.285843
-0.007615      0.0487746      0.236045      0.284819
-0.00757      0.0486658      0.235137      0.283803
-0.007525      0.0485566      0.234237      0.282794
-0.00748      0.048447      0.233345      0.281792
-0.007435      0.048337      0.232461      0.280798
-0.00739      0.0482267      0.231584      0.27981
-0.007345      0.048116      0.230714      0.27883
-0.0073      0.0480049      0.229852      0.277857
-0.007255      0.0478936      0.228997      0.27689
-0.00721      0.0477819      0.228149      0.27593
-0.007165      0.0476699      0.227307      0.274977
-0.00712      0.0475576      0.226473      0.27403
-0.007075      0.0474451      0.225645      0.27309
-0.00703      0.0473323      0.224823      0.272156
-0.006985      0.0472192      0.224008      0.271228
-0.00694      0.0471059      0.223199      0.270305
-0.006895      0.0469925      0.222396      0.269389
-0.00685      0.0468788      0.221599      0.268478
-0.006805      0.0467649      0.220807      0.267572
-0.00676      0.0466509      0.220021      0.266671
-0.006715      0.0465366      0.219239      0.265776
-0.00667      0.0464223      0.218463      0.264885
-0.006625      0.0463078      0.217692      0.263999
-0.00658      0.0461932      0.216925      0.263118
-0.006535      0.0460785      0.216162      0.262241
-0.00649      0.0459636      0.215404      0.261368
-0.006445      0.0458487      0.21465      0.260498
-0.0064      0.0457337      0.213899      0.259633
-0.006355      0.0456186      0.213152      0.258771
-0.00631      0.0455035      0.212408      0.257912
-0.006265      0.0453883      0.211668      0.257056
-0.00622      0.045273      0.21093      0.256203
-0.006175      0.0451577      0.210195      0.255353
-0.00613      0.0450424      0.209463      0.254505
-0.006085      0.044927      0.208732      0.253659
-0.00604      0.0448116      0.208004      0.252816
-0.005995      0.0446961      0.207278      0.251974
-0.00595      0.0445806      0.206553      0.251134
-0.005905      0.0444651      0.20583      0.250295
-0.00586      0.0443495      0.205108      0.249457
-0.005815      0.0442339      0.204387      0.248621
-0.00577      0.0441182      0.203667      0.247786
-0.005725      0.0440025      0.202948      0.246951
-0.00568      0.0438867      0.20223      0.246117
-0.005635      0.0437709      0.201512      0.245283
-0.00559      0.0436549      0.200795      0.24445
-0.005545      0.0435389      0.200078      0.243617
-0.0055      0.0434228      0.199361      0.242784
-0.005455      0.0433066      0.198644      0.241951
-0.00541      0.0431902      0.197928      0.241118
-0.005365      0.0430737      0.197211      0.240285
-0.00532      0.0429571      0.196494      0.239451
-0.005275      0.0428402      0.195777      0.238618
-0.00523      0.0427233      0.19506      0.237784
-0.005185      0.0426061      0.194343      0.236949
-0.00514      0.0424887      0.193626      0.236114
-0.005095      0.0423711      0.192908      0.235279
-0.00505      0.0422532      0.192191      0.234444
-0.005005      0.0421351      0.191473      0.233608
-0.00496      0.0420167      0.190755      0.232772
-0.004915      0.0418981      0.190038      0.231936
-0.00487      0.0417792      0.18932      0.2311
-0.004825      0.04166      0.188603      0.230263
-0.00478      0.0415405      0.187886      0.229426
-0.004735      0.0414207      0.187169      0.22859
-0.00469      0.0413006      0.186453      0.227753
-0.004645      0.0411801      0.185737      0.226917
-0.0046      0.0410595      0.185021      0.226081
-0.004555      0.0409385      0.184306      0.225244
-0.00451      0.0408172      0.183591      0.224409
-0.004465      0.0406957      0.182877      0.223573
-0.00442      0.040574      0.182164      0.222738
-0.004375      0.0404521      0.18145      0.221902
-0.00433      0.0403301      0.180737      0.221067
-0.004285      0.0402079      0.180024      0.220232
-0.00424      0.0400856      0.179311      0.219397
-0.004195      0.0399634      0.178598      0.218561
-0.00415      0.0398412      0.177883      0.217725
-0.004105      0.0397191      0.177168      0.216887
-0.00406      0.0395973      0.17645      0.216048
-0.004015      0.0394757      0.175731      0.215206
-0.00397      0.0393545      0.175008      0.214362
-0.003925      0.0392339      0.17428      0.213514
-0.00388      0.0391138      0.173548      0.212662
-0.003835      0.0389945      0.17281      0.211804
-0.00379      0.038876      0.172063      0.210939
-0.003745      0.0387586      0.171308      0.210067
-0.0037      0.0386423      0.170542      0.209184
-0.003655      0.0385273      0.169763      0.20829
-0.00361      0.0384137      0.168969      0.207383
-0.003565      0.0383018      0.168158      0.206459
-0.00352      0.0381917      0.167326      0.205518
-0.003475      0.0380836      0.166472      0.204556
-0.00343      0.0379776      0.165592      0.20357
-0.003385      0.037874      0.164683      0.202557
-0.00334      0.0377729      0.16374      0.201513
-0.003295      0.0376744      0.16276      0.200434
-0.00325      0.0375789      0.161738      0.199317
-0.003205      0.0374863      0.16067      0.198156
-0.00316      0.0373969      0.15955      0.196947
-0.003115      0.0373108      0.158374      0.195685
-0.00307      0.0372281      0.157135      0.194363
-0.003025      0.0371489      0.155828      0.192977
-0.00298      0.0370733      0.154447      0.19152
-0.002935      0.0370014      0.152984      0.189985
-0.00289      0.0369332      0.151433      0.188366
-0.002845      0.0368686      0.149788      0.186657
-0.0028      0.0368077      0.148041      0.184849
-0.002755      0.0367503      0.146185      0.182935
-0.00271      0.0366964      0.144213      0.18091
-0.002665      0.0366457      0.142119      0.178764
-0.00262      0.0365982      0.139894      0.176493
-0.002575      0.0365534      0.137534      0.174088
-0.00253      0.0365112      0.135033      0.171544
-0.002485      0.0364713      0.132385      0.168856
-0.00244      0.0364331      0.129585      0.166018
-0.002395      0.0363963      0.126631      0.163028
-0.00235      0.0363605      0.123522      0.159882
-0.002305      0.0363251      0.120255      0.15658
-0.00226      0.0362896      0.116833      0.153123
-0.002215      0.0362536      0.113259      0.149513
-0.00217      0.0362164      0.109539      0.145755
-0.002125      0.0361774      0.10568      0.141858
-0.00208      0.0361362      0.101694      0.13783
-0.002035      0.0360922      0.0975938      0.133686
-0.00199      0.0360448      0.093396      0.129441
-0.001945      0.0359937      0.0891205      0.125114
-0.0019      0.0359384      0.0847899      0.120728
-0.001855      0.0358785      0.0804301      0.116309
-0.00181      0.0358137      0.0760695      0.111883
-0.001765      0.0357439      0.0717391      0.107483
-0.00172      0.0356689      0.0674717      0.103141
-0.001675      0.0355887      0.0633014      0.0988901
-0.00163      0.0355033      0.0592631      0.0947664
-0.001585      0.0354129      0.0553912      0.0908041
-0.00154      0.0353177      0.0517188      0.0870364
-0.001495      0.035218      0.0482764      0.0834943
-0.00145      0.0351142      0.0450911      0.0802053
-0.001405      0.0350066      0.0421854      0.077192
-0.00136      0.0348959      0.0395759      0.0744717
-0.001315      0.0347823      0.0372727      0.072055
-0.00127      0.0346663      0.0352791      0.0699454
-0.001225      0.0345485      0.0335906      0.068139
-0.00118      0.034429      0.0321956      0.0666246
-0.001135      0.0343083      0.031076      0.0653843
-0.00109      0.0341866      0.0302077      0.0643942
-0.001045      0.0340639      0.0295623      0.0636262
-0.001      0.0339405      0.0291086      0.0630491
