-0.04      0.149434      2.86356      3.013
-0.04      0.149434      2.86356      3.013
-0.039875      0.149493      2.84443      2.99392
-0.03975      0.149551      2.82546      2.97501
-0.039625      0.14961      2.80667      2.95628
-0.0395      0.149669      2.78804      2.93771
-0.039375      0.149727      2.76959      2.91932
-0.03925      0.149786      2.7513      2.90109
-0.039125      0.149845      2.73319      2.88303
-0.039      0.149903      2.71524      2.86514
-0.038875      0.149962      2.69746      2.84743
-0.03875      0.150021      2.67985      2.82988
-0.038625      0.15008      2.66241      2.81249
-0.0385      0.150139      2.64514      2.79528
-0.038375      0.150199      2.62804      2.77823
-0.03825      0.150258      2.6111      2.76135
-0.038125      0.150318      2.59432      2.74464
-0.038      0.150377      2.57772      2.7281
-0.037875      0.150437      2.56128      2.71171
-0.03775      0.150497      2.545      2.6955
-0.037625      0.150557      2.52889      2.67945
-0.0375      0.150617      2.51294      2.66356
-0.037375      0.150678      2.49716      2.64784
-0.03725      0.150738      2.48154      2.63227
-0.037125      0.150799      2.46608      2.61688
-0.037      0.150861      2.45078      2.60164
-0.036875      0.150922      2.43564      2.58656
-0.03675      0.150983      2.42066      2.57165
-0.036625      0.151045      2.40584      2.55689
-0.0365      0.151107      2.39118      2.54229
-0.036375      0.15117      2.37668      2.52785
-0.03625      0.151232      2.36233      2.51357
-0.036125      0.151295      2.34815      2.49944
-0.036      0.151359      2.33411      2.48547
-0.035875      0.151422      2.32023      2.47165
-0.03575      0.151486      2.30651      2.45799
-0.035625      0.15155      2.29293      2.44448
-0.0355      0.151615      2.27951      2.43113
-0.035375      0.15168      2.26624      2.41792
-0.03525      0.151745      2.25312      2.40487
-0.035125      0.151811      2.24015      2.39197
-0.035      0.151877      2.22733      2.37921
-0.034875      0.151943      2.21466      2.3666
-0.03475      0.15201      2.20213      2.35414
-0.034625      0.152078      2.18975      2.34183
-0.0345      0.152145      2.17751      2.32966
-0.034375      0.152214      2.16542      2.31763
-0.03425      0.152282      2.15347      2.30575
-0.034125      0.152351      2.14166      2.29401
-0.034      0.152421      2.12999      2.28241
-0.033875      0.152491      2.11846      2.27095
-0.03375      0.152562      2.10707      2.25963
-0.033625      0.152633      2.09582      2.24845
-0.0335      0.152705      2.0847      2.2374
-0.033375      0.152777      2.07372      2.22649
-0.03325      0.15285      2.06287      2.21572
-0.033125      0.152923      2.05215      2.20508
-0.033      0.152997      2.04157      2.19457
-0.032875      0.153072      2.03112      2.18419
-0.03275      0.153147      2.0208      2.17395
-0.032625      0.153223      2.0106      2.16383
-0.0325      0.153299      2.00054      2.15384
-0.032375      0.153377      1.9906      2.14398
-0.03225      0.153454      1.98078      2.13424
-0.032125      0.153533      1.97109      2.12463
-0.032      0.153612      1.96153      2.11514
-0.031875      0.153692      1.95208      2.10577
-0.03175      0.153773      1.94275      2.09653
-0.031625      0.153855      1.93354      2.0874
-0.0315      0.153937      1.92446      2.07839
-0.031375      0.15402      1.91548      2.0695
-0.03125      0.154104      1.90662      2.06073
-0.031125      0.154189      1.89788      2.05207
-0.031      0.154274      1.88925      2.04352
-0.030875      0.154361      1.88073      2.03509
-0.03075      0.154448      1.87232      2.02677
-0.030625      0.154537      1.86402      2.01856
-0.0305      0.154626      1.85583      2.01045
-0.030375      0.154716      1.84774      2.00246
-0.03025      0.154807      1.83976      1.99457
-0.030125      0.1549      1.83188      1.98678
-0.03      0.154993      1.8241      1.9791
-0.029875      0.155087      1.81643      1.97152
-0.02975      0.155183      1.80885      1.96403
-0.029625      0.155279      1.80137      1.95665
-0.0295      0.155377      1.79399      1.94937
-0.029375      0.155476      1.7867      1.94218
-0.02925      0.155576      1.77951      1.93509
-0.029125      0.155677      1.77241      1.92809
-0.029      0.15578      1.7654      1.92118
-0.028875      0.155884      1.75847      1.91436
-0.02875      0.155989      1.75164      1.90763
-0.028625      0.156095      1.74489      1.90099
-0.0285      0.156203      1.73823      1.89443
-0.028375      0.156312      1.73164      1.88796
-0.02825      0.156423      1.72514      1.88157
-0.028125      0.156535      1.71872      1.87526
-0.028      0.156649      1.71238      1.86903
-0.027875      0.156764      1.70611      1.86287
-0.02775      0.156881      1.69991      1.8568
-0.027625      0.156999      1.69379      1.85079
-0.0275      0.157119      1.68774      1.84486
-0.027375      0.157241      1.68176      1.839
-0.02725      0.157364      1.67585      1.83321
-0.027125      0.157489      1.67      1.82749
-0.027      0.157616      1.66421      1.82183
-0.026875      0.157745      1.65849      1.81624
-0.02675      0.157876      1.65283      1.8107
-0.026625      0.158008      1.64722      1.80523
-0.0265      0.158143      1.64167      1.79981
-0.026375      0.158279      1.63617      1.79445
-0.02625      0.158418      1.63072      1.78914
-0.026125      0.158558      1.62533      1.78388
-0.026      0.158701      1.61998      1.77868
-0.025875      0.158846      1.61467      1.77352
-0.02575      0.158993      1.60941      1.7684
-0.025625      0.159142      1.60419      1.76333
-0.0255      0.159294      1.599      1.75829
-0.025375      0.159447      1.59385      1.7533
-0.02525      0.159604      1.58874      1.74834
-0.025125      0.159762      1.58365      1.74341
-0.025      0.159923      1.5786      1.73852
-0.024875      0.160087      1.57356      1.73365
-0.02475      0.160253      1.56856      1.72881
-0.024625      0.160421      1.56357      1.72399
-0.0245      0.160593      1.5586      1.71919
-0.024375      0.160766      1.55365      1.71441
-0.02425      0.160943      1.5487      1.70965
-0.024125      0.161122      1.54377      1.70489
-0.024      0.161304      1.53884      1.70015
-0.023875      0.161489      1.53392      1.69541
-0.02375      0.161676      1.529      1.69067
-0.023625      0.161867      1.52407      1.68594
-0.0235      0.16206      1.51914      1.6812
-0.023375      0.162256      1.5142      1.67646
-0.02325      0.162455      1.50925      1.67171
-0.023125      0.162657      1.50428      1.66694
-0.023      0.162863      1.4993      1.66216
-0.022875      0.163071      1.49429      1.65736
-0.02275      0.163282      1.48925      1.65254
-0.022625      0.163496      1.48419      1.64769
-0.0225      0.163714      1.47909      1.64281
-0.022375      0.163934      1.47396      1.6379
-0.02225      0.164158      1.46879      1.63295
-0.022125      0.164385      1.46357      1.62796
-0.022      0.164615      1.45831      1.62292
-0.021875      0.164848      1.45299      1.61784
-0.02175      0.165084      1.44762      1.61271
-0.021625      0.165323      1.44219      1.60752
-0.0215      0.165566      1.4367      1.60227
-0.021375      0.165812      1.43114      1.59695
-0.02125      0.166061      1.42551      1.59157
-0.021125      0.166313      1.41981      1.58612
-0.021      0.166568      1.41402      1.58059
-0.020875      0.166826      1.40815      1.57498
-0.02075      0.167088      1.40219      1.56928
-0.020625      0.167352      1.39615      1.5635
-0.0205      0.16762      1.39      1.55762
-0.020375      0.16789      1.38376      1.55165
-0.02025      0.168164      1.37741      1.54557
-0.020125      0.16844      1.37095      1.53939
-0.02      0.16872      1.36438      1.5331
-0.019875      0.169002      1.35769      1.52669
-0.01975      0.169287      1.35088      1.52016
-0.019625      0.169575      1.34394      1.51352
-0.0195      0.169866      1.33687      1.50674
-0.019375      0.170159      1.32967      1.49983
-0.01925      0.170455      1.32233      1.49279
-0.019125      0.170754      1.31485      1.4856
-0.019      0.171055      1.30722      1.47827
-0.018875      0.171358      1.29944      1.4708
-0.01875      0.171664      1.29151      1.46317
-0.018625      0.171971      1.28341      1.45539
-0.0185      0.172281      1.27516      1.44744
-0.018375      0.172593      1.26674      1.43933
-0.01825      0.172907      1.25815      1.43106
-0.018125      0.173223      1.24939      1.42261
-0.018      0.173541      1.24045      1.41399
-0.017875      0.17386      1.23133      1.40519
-0.01775      0.174181      1.22204      1.39622
-0.017625      0.174504      1.21256      1.38706
-0.0175      0.174827      1.20289      1.37771
-0.017375      0.175152      1.19303      1.36818
-0.01725      0.175478      1.18298      1.35846
-0.017125      0.175806      1.17274      1.34854
-0.017      0.176134      1.1623      1.33844
-0.016875      0.176462      1.15167      1.32813
-0.01675      0.176792      1.14084      1.31763
-0.016625      0.177122      1.12982      1.30694
-0.0165      0.177453      1.11859      1.29605
-0.016375      0.177784      1.10717      1.28496
-0.01625      0.178115      1.09556      1.27367
-0.016125      0.178446      1.08374      1.26219
-0.016      0.178777      1.07174      1.25051
-0.015875      0.179108      1.05953      1.23864
-0.01575      0.179439      1.04714      1.22658
-0.015625      0.17977      1.03456      1.21433
-0.0155      0.1801      1.0218      1.2019
-0.015375      0.18043      1.00885      1.18928
-0.01525      0.180759      0.995721      1.17648
-0.015125      0.181087      0.982421      1.16351
-0.015      0.181415      0.968953      1.15037
-0.014875      0.181742      0.955323      1.13706
-0.01475      0.182067      0.941536      1.1236
-0.014625      0.182392      0.9276      1.10999
-0.0145      0.182716      0.913521      1.09624
-0.014375      0.183038      0.899308      1.08235
-0.01425      0.183359      0.884969      1.06833
-0.014125      0.183679      0.870513      1.05419
-0.014      0.183998      0.85595      1.03995
-0.013875      0.184315      0.841291      1.02561
-0.01375      0.184631      0.826546      1.01118
-0.013625      0.184945      0.811726      0.996671
-0.0135      0.185258      0.796845      0.982103
-0.013375      0.185569      0.781913      0.967483
-0.01325      0.18588      0.766945      0.952824
-0.013125      0.186188      0.751954      0.938142
-0.013      0.186495      0.736954      0.923449
-0.012875      0.186801      0.721959      0.90876
-0.01275      0.187105      0.706985      0.894091
-0.012625      0.187409      0.692048      0.879456
-0.0125      0.18771      0.677162      0.864872
-0.012375      0.188011      0.662344      0.850355
-0.01225      0.18831      0.64761      0.83592
-0.012125      0.188608      0.632977      0.821585
-0.012      0.188905      0.618462      0.807366
-0.011875      0.189201      0.60408      0.793281
-0.01175      0.189495      0.58985      0.779345
-0.011625      0.189789      0.575787      0.765576
-0.0115      0.190083      0.561908      0.751991
-0.011375      0.190375      0.54823      0.738606
-0.01125      0.190667      0.53477      0.725437
-0.011125      0.190958      0.521542      0.7125
-0.011      0.191249      0.508562      0.699811
-0.010875      0.191539      0.495845      0.687385
-0.01075      0.19183      0.483406      0.675235
-0.010625      0.19212      0.471258      0.663377
-0.0105      0.192409      0.459413      0.651823
-0.010375      0.192699      0.447885      0.640584
-0.01025      0.192989      0.436684      0.629673
-0.010125      0.19328      0.42582      0.6191
-0.01      0.19357      0.415303      0.608873
