0.005      0.169534      0.11243      0.281964
0.0051      0.176194      0.112403      0.288597
0.0052      0.183277      0.112375      0.295652
0.0053      0.190771      0.112344      0.303114
0.0054      0.198658      0.11231      0.310967
0.0055      0.206919      0.112273      0.319192
0.0056      0.215532      0.112233      0.327765
0.0057      0.224473      0.112189      0.336662
0.0058      0.233715      0.112141      0.345856
0.0059      0.243231      0.11209      0.355321
0.006      0.252991      0.112034      0.365025
0.0061      0.262965      0.111974      0.374939
0.0062      0.273123      0.11191      0.385033
0.0063      0.283434      0.111841      0.395275
0.0064      0.293868      0.111768      0.405635
0.0065      0.304393      0.11169      0.416083
0.0066      0.314982      0.111607      0.426589
0.0067      0.325604      0.11152      0.437124
0.0068      0.336233      0.111428      0.447661
0.0069      0.346842      0.111332      0.458174
0.007      0.357406      0.111231      0.468638
0.0071      0.367901      0.111127      0.479028
0.0072      0.378306      0.111018      0.489324
0.0073      0.3886      0.110906      0.499505
0.0074      0.398763      0.110789      0.509553
0.0075      0.40878      0.11067      0.51945
0.0076      0.418635      0.110547      0.529182
0.0077      0.428313      0.110422      0.538735
0.0078      0.437803      0.110294      0.548097
0.0079      0.447094      0.110164      0.557257
0.008      0.456177      0.110031      0.566208
0.0081      0.465044      0.109897      0.574942
0.0082      0.47369      0.109762      0.583453
0.0083      0.48211      0.109626      0.591736
0.0084      0.490299      0.109489      0.599788
0.0085      0.498255      0.109352      0.607607
0.0086      0.505978      0.109215      0.615193
0.0087      0.513466      0.109078      0.622544
0.0088      0.52072      0.108942      0.629662
0.0089      0.527743      0.108807      0.636549
0.009      0.534535      0.108672      0.643207
0.0091      0.5411      0.10854      0.64964
0.0092      0.547442      0.108409      0.655851
0.0093      0.553565      0.10828      0.661845
0.0094      0.559473      0.108154      0.667626
0.0095      0.565171      0.10803      0.6732
0.0096      0.570665      0.107908      0.678573
0.0097      0.57596      0.10779      0.68375
0.0098      0.581063      0.107675      0.688738
0.0099      0.58598      0.107563      0.693543
0.01      0.590717      0.107455      0.698172
0.0101      0.595281      0.10735      0.702631
0.0102      0.599678      0.107248      0.706926
0.0103      0.603915      0.107151      0.711066
0.0104      0.607999      0.107058      0.715057
0.0105      0.611936      0.106968      0.718904
0.0106      0.615733      0.106883      0.722616
0.0107      0.619397      0.106802      0.726199
0.0108      0.622935      0.106725      0.729659
0.0109      0.626352      0.106652      0.733003
0.011      0.629655      0.106583      0.736238
0.0111      0.63285      0.106518      0.739368
0.0112      0.635944      0.106458      0.742402
0.0113      0.638942      0.106402      0.745344
0.0114      0.64185      0.10635      0.7482
0.0115      0.644674      0.106302      0.750976
0.0116      0.647419      0.106258      0.753677
0.0117      0.650091      0.106218      0.756309
0.0118      0.652695      0.106182      0.758877
0.0119      0.655235      0.106149      0.761385
0.012      0.657717      0.106121      0.763838
0.0121      0.660145      0.106096      0.766241
0.0122      0.662523      0.106075      0.768598
0.0123      0.664856      0.106057      0.770914
0.0124      0.667148      0.106043      0.773192
0.0125      0.669403      0.106032      0.775435
0.0126      0.671624      0.106025      0.777649
0.0127      0.673816      0.10602      0.779836
0.0128      0.67598      0.106019      0.781999
0.0129      0.678122      0.10602      0.784142
0.013      0.680243      0.106024      0.786268
0.0131      0.682347      0.106031      0.788379
0.0132      0.684437      0.106041      0.790478
0.0133      0.686515      0.106053      0.792568
0.0134      0.688584      0.106067      0.794651
0.0135      0.690645      0.106084      0.796729
0.0136      0.692702      0.106103      0.798806
0.0137      0.694757      0.106125      0.800881
0.0138      0.696811      0.106148      0.802959
0.0139      0.698866      0.106173      0.805039
0.014      0.700925      0.1062      0.807125
0.0141      0.702988      0.106229      0.809217
0.0142      0.705058      0.106259      0.811317
0.0143      0.707135      0.106291      0.813426
0.0144      0.709222      0.106325      0.815547
0.0145      0.71132      0.10636      0.817679
0.0146      0.713429      0.106396      0.819825
0.0147      0.715551      0.106434      0.821984
0.0148      0.717687      0.106472      0.824159
0.0149      0.719838      0.106512      0.82635
0.015      0.722005      0.106554      0.828558
0.0151      0.724188      0.106596      0.830784
0.0152      0.726389      0.106639      0.833028
0.0153      0.728609      0.106683      0.835291
0.0154      0.730847      0.106727      0.837574
0.0155      0.733105      0.106773      0.839878
0.0156      0.735383      0.106819      0.842203
0.0157      0.737682      0.106866      0.844549
0.0158      0.740003      0.106914      0.846917
0.0159      0.742345      0.106962      0.849307
0.016      0.74471      0.107011      0.851721
0.0161      0.747097      0.107061      0.854158
0.0162      0.749507      0.107111      0.856618
0.0163      0.751941      0.107161      0.859102
0.0164      0.754398      0.107212      0.86161
0.0165      0.75688      0.107263      0.864144
0.0166      0.759386      0.107315      0.866701
0.0167      0.761917      0.107367      0.869284
0.0168      0.764474      0.107419      0.871893
0.0169      0.767055      0.107472      0.874527
0.017      0.769662      0.107525      0.877187
0.0171      0.772295      0.107578      0.879873
0.0172      0.774954      0.107631      0.882586
0.0173      0.77764      0.107685      0.885325
0.0174      0.780352      0.107739      0.88809
0.0175      0.78309      0.107793      0.890883
0.0176      0.785856      0.107847      0.893703
0.0177      0.78865      0.107901      0.896551
0.0178      0.791471      0.107955      0.899426
0.0179      0.794319      0.10801      0.902329
0.018      0.797196      0.108064      0.90526
0.0181      0.800101      0.108119      0.90822
0.0182      0.803035      0.108174      0.911208
0.0183      0.805997      0.108228      0.914225
0.0184      0.808989      0.108283      0.917272
0.0185      0.81201      0.108337      0.920347
0.0186      0.81506      0.108392      0.923452
0.0187      0.818141      0.108447      0.926588
0.0188      0.821252      0.108501      0.929753
0.0189      0.824393      0.108556      0.932949
0.019      0.827565      0.10861      0.936176
0.0191      0.830769      0.108664      0.939433
0.0192      0.834004      0.108719      0.942723
0.0193      0.837271      0.108773      0.946044
0.0194      0.84057      0.108827      0.949397
0.0195      0.843902      0.10888      0.952783
0.0196      0.847267      0.108934      0.956201
0.0197      0.850666      0.108987      0.959653
0.0198      0.854098      0.10904      0.963138
0.0199      0.857565      0.109093      0.966658
0.02      0.861066      0.109146      0.970212
0.0201      0.864602      0.109198      0.973801
0.0202      0.868174      0.109251      0.977425
0.0203      0.871783      0.109302      0.981085
0.0204      0.875427      0.109354      0.984781
0.0205      0.879109      0.109405      0.988514
0.0206      0.882828      0.109456      0.992284
0.0207      0.886586      0.109506      0.996092
0.0208      0.890382      0.109556      0.999938
0.0209      0.894217      0.109606      1.00382
0.021      0.898092      0.109655      1.00775
0.0211      0.902007      0.109704      1.01171
0.0212      0.905963      0.109752      1.01572
0.0213      0.909961      0.1098      1.01976
0.0214      0.914      0.109847      1.02385
0.0215      0.918082      0.109894      1.02798
0.0216      0.922207      0.10994      1.03215
0.0217      0.926377      0.109986      1.03636
0.0218      0.93059      0.110031      1.04062
0.0219      0.934849      0.110075      1.04492
0.022      0.939154      0.110119      1.04927
0.0221      0.943505      0.110163      1.05367
0.0222      0.947903      0.110205      1.05811
0.0223      0.952349      0.110247      1.0626
0.0224      0.956843      0.110288      1.06713
0.0225      0.961387      0.110329      1.07172
0.0226      0.96598      0.110369      1.07635
0.0227      0.970624      0.110408      1.08103
0.0228      0.97532      0.110446      1.08577
0.0229      0.980067      0.110483      1.09055
0.023      0.984868      0.11052      1.09539
0.0231      0.989721      0.110556      1.10028
0.0232      0.994629      0.110591      1.10522
0.0233      0.999593      0.110625      1.11022
0.0234      1.00461      0.110659      1.11527
0.0235      1.00969      0.110691      1.12038
0.0236      1.01482      0.110723      1.12554
0.0237      1.02001      0.110754      1.13076
0.0238      1.02526      0.110784      1.13604
0.0239      1.03057      0.110813      1.14138
0.024      1.03594      0.110841      1.14678
0.0241      1.04137      0.110868      1.15224
0.0242      1.04686      0.110894      1.15776
0.0243      1.05242      0.110919      1.16334
0.0244      1.05804      0.110943      1.16898
0.0245      1.06372      0.110966      1.17469
0.0246      1.06947      0.110989      1.18046
0.0247      1.07529      0.11101      1.1863
0.0248      1.08117      0.11103      1.1922
0.0249      1.08712      0.111049      1.19817
0.025      1.09314      0.111067      1.20421
