0.005      0.17903      0.10578      0.28481
0.005083333333      0.185638      0.105776      0.291414
0.005166666667      0.192519      0.10577      0.298289
0.00525      0.199659      0.105762      0.305421
0.005333333333      0.207042      0.105752      0.312794
0.005416666667      0.21465      0.10574      0.320391
0.0055      0.222466      0.105727      0.328193
0.005583333333      0.230471      0.105711      0.336182
0.005666666667      0.238646      0.105692      0.344339
0.00575      0.246971      0.105672      0.352643
0.005833333333      0.255427      0.105648      0.361075
0.005916666667      0.263993      0.105622      0.369616
0.006      0.27265      0.105593      0.378244
0.006083333333      0.281379      0.105561      0.38694
0.006166666667      0.290159      0.105527      0.395685
0.00625      0.298972      0.105489      0.404461
0.006333333333      0.3078      0.105449      0.413248
0.006416666667      0.316625      0.105405      0.42203
0.0065      0.32543      0.105358      0.430788
0.006583333333      0.3342      0.105308      0.439508
0.006666666667      0.342919      0.105256      0.448175
0.00675      0.351573      0.1052      0.456772
0.006833333333      0.360147      0.105141      0.465288
0.006916666667      0.368631      0.105079      0.47371
0.007      0.377012      0.105015      0.482026
0.007083333333      0.385279      0.104947      0.490226
0.007166666667      0.393423      0.104877      0.4983
0.00725      0.401435      0.104805      0.50624
0.007333333333      0.409308      0.10473      0.514038
0.007416666667      0.417034      0.104652      0.521686
0.0075      0.424607      0.104572      0.529179
0.007583333333      0.432022      0.104491      0.536513
0.007666666667      0.439275      0.104407      0.543682
0.00775      0.446361      0.104322      0.550683
0.007833333333      0.453279      0.104235      0.557514
0.007916666667      0.460025      0.104146      0.564172
0.008      0.466599      0.104056      0.570656
0.008083333333      0.472999      0.103965      0.576965
0.008166666667      0.479226      0.103874      0.583099
0.00825      0.485278      0.103781      0.589059
0.008333333333      0.491157      0.103688      0.594845
0.008416666667      0.496865      0.103594      0.600459
0.0085      0.502402      0.1035      0.605902
0.008583333333      0.507771      0.103406      0.611177
0.008666666667      0.512974      0.103313      0.616286
0.00875      0.518013      0.103219      0.621232
0.008833333333      0.522892      0.103126      0.626018
0.008916666667      0.527614      0.103034      0.630647
0.009      0.532182      0.102942      0.635123
0.009083333333      0.536599      0.102851      0.63945
0.009166666667      0.540871      0.102761      0.643632
0.00925      0.545      0.102672      0.647672
0.009333333333      0.54899      0.102585      0.651575
0.009416666667      0.552846      0.102499      0.655346
0.0095      0.556572      0.102415      0.658987
0.009583333333      0.560172      0.102333      0.662505
0.009666666667      0.563651      0.102252      0.665903
0.00975      0.567012      0.102173      0.669186
0.009833333333      0.570261      0.102096      0.672357
0.009916666667      0.573401      0.102022      0.675423
0.01      0.576437      0.101949      0.678386
0.01008333333      0.579373      0.101879      0.681252
0.01016666667      0.582213      0.101811      0.684024
0.01025      0.584962      0.101745      0.686708
0.01033333333      0.587624      0.101682      0.689306
0.01041666667      0.590202      0.101622      0.691824
0.0105      0.592701      0.101564      0.694265
0.01058333333      0.595125      0.101508      0.696633
0.01066666667      0.597477      0.101455      0.698932
0.01075      0.599761      0.101405      0.701166
0.01083333333      0.601982      0.101357      0.703339
0.01091666667      0.604141      0.101312      0.705454
0.011      0.606244      0.10127      0.707514
0.01108333333      0.608293      0.10123      0.709523
0.01116666667      0.610291      0.101193      0.711484
0.01125      0.612242      0.101159      0.713401
0.01133333333      0.614149      0.101127      0.715276
0.01141666667      0.616015      0.101098      0.717113
0.0115      0.617842      0.101071      0.718913
0.01158333333      0.619634      0.101047      0.720681
0.01166666667      0.621392      0.101026      0.722418
0.01175      0.62312      0.101007      0.724127
0.01183333333      0.624821      0.10099      0.725811
0.01191666667      0.626495      0.100976      0.727471
0.012      0.628146      0.100965      0.729111
0.01208333333      0.629776      0.100955      0.730732
0.01216666667      0.631387      0.100948      0.732335
0.01225      0.632981      0.100943      0.733925
0.01233333333      0.63456      0.100941      0.735501
0.01241666667      0.636125      0.10094      0.737066
0.0125      0.637679      0.100942      0.738621
0.01258333333      0.639223      0.100946      0.740169
0.01266666667      0.640758      0.100951      0.74171
0.01275      0.642287      0.100959      0.743246
0.01283333333      0.64381      0.100968      0.744779
0.01291666667      0.645329      0.10098      0.746309
0.013      0.646846      0.100993      0.747838
0.01308333333      0.64836      0.101008      0.749368
0.01316666667      0.649875      0.101024      0.750899
0.01325      0.65139      0.101042      0.752432
0.01333333333      0.652906      0.101062      0.753968
0.01341666667      0.654426      0.101083      0.755509
0.0135      0.655949      0.101105      0.757054
0.01358333333      0.657477      0.101129      0.758606
0.01366666667      0.65901      0.101155      0.760164
0.01375      0.660549      0.101181      0.76173
0.01383333333      0.662095      0.101209      0.763304
0.01391666667      0.663648      0.101238      0.764887
0.014      0.66521      0.101268      0.766478
0.01408333333      0.666781      0.1013      0.76808
0.01416666667      0.668361      0.101332      0.769693
0.01425      0.669951      0.101365      0.771316
0.01433333333      0.671551      0.101399      0.77295
0.01441666667      0.673162      0.101434      0.774597
0.0145      0.674785      0.10147      0.776255
0.01458333333      0.67642      0.101507      0.777927
0.01466666667      0.678066      0.101545      0.779611
0.01475      0.679726      0.101583      0.781308
0.01483333333      0.681398      0.101622      0.78302
0.01491666667      0.683083      0.101662      0.784745
0.015      0.684782      0.101702      0.786484
0.01508333333      0.686495      0.101743      0.788238
0.01516666667      0.688222      0.101784      0.790006
0.01525      0.689963      0.101826      0.791789
0.01533333333      0.691719      0.101868      0.793587
0.01541666667      0.69349      0.101911      0.795401
0.0155      0.695276      0.101955      0.79723
0.01558333333      0.697077      0.101998      0.799075
0.01566666667      0.698893      0.102043      0.800936
0.01575      0.700726      0.102087      0.802813
0.01583333333      0.702574      0.102132      0.804706
0.01591666667      0.704438      0.102177      0.806615
0.016      0.706319      0.102222      0.808541
0.01608333333      0.708216      0.102268      0.810484
0.01616666667      0.710129      0.102314      0.812443
0.01625      0.712059      0.10236      0.814419
0.01633333333      0.714007      0.102406      0.816413
0.01641666667      0.715971      0.102453      0.818424
0.0165      0.717952      0.1025      0.820452
0.01658333333      0.719951      0.102546      0.822498
0.01666666667      0.721968      0.102593      0.824561
0.01675      0.724002      0.10264      0.826642
0.01683333333      0.726054      0.102688      0.828742
0.01691666667      0.728124      0.102735      0.830859
0.017      0.730213      0.102782      0.832995
0.01708333333      0.73232      0.10283      0.835149
0.01716666667      0.734445      0.102877      0.837322
0.01725      0.736589      0.102925      0.839514
0.01733333333      0.738753      0.102972      0.841725
0.01741666667      0.740935      0.10302      0.843955
0.0175      0.743137      0.103067      0.846204
0.01758333333      0.745358      0.103115      0.848473
0.01766666667      0.747599      0.103163      0.850762
0.01775      0.74986      0.10321      0.85307
0.01783333333      0.752141      0.103258      0.855399
0.01791666667      0.754443      0.103305      0.857748
0.018      0.756765      0.103353      0.860118
0.01808333333      0.759108      0.1034      0.862508
0.01816666667      0.761473      0.103447      0.86492
0.01825      0.763858      0.103495      0.867353
0.01833333333      0.766265      0.103542      0.869807
0.01841666667      0.768694      0.103589      0.872283
0.0185      0.771146      0.103636      0.874782
0.01858333333      0.773619      0.103683      0.877302
0.01866666667      0.776115      0.10373      0.879845
0.01875      0.778635      0.103776      0.882411
0.01883333333      0.781177      0.103823      0.885
0.01891666667      0.783743      0.103869      0.887612
0.019      0.786333      0.103916      0.890248
0.01908333333      0.788947      0.103962      0.892909
0.01916666667      0.791585      0.104008      0.895593
0.01925      0.794248      0.104054      0.898302
0.01933333333      0.796937      0.104099      0.901036
0.01941666667      0.79965      0.104145      0.903795
0.0195      0.80239      0.10419      0.90658
0.01958333333      0.805155      0.104235      0.90939
0.01966666667      0.807947      0.10428      0.912227
0.01975      0.810766      0.104325      0.915091
0.01983333333      0.813612      0.104369      0.917981
0.01991666667      0.816485      0.104414      0.920899
0.02      0.819386      0.104458      0.923844
0.02008333333      0.822316      0.104502      0.926817
0.02016666667      0.825274      0.104545      0.929819
0.02025      0.828261      0.104589      0.932849
0.02033333333      0.831277      0.104632      0.935909
0.02041666667      0.834323      0.104675      0.938998
0.0205      0.837399      0.104717      0.942116
0.02058333333      0.840506      0.10476      0.945265
0.02066666667      0.843643      0.104802      0.948445
0.02075      0.846812      0.104844      0.951656
0.02083333333      0.850012      0.104885      0.954898
0.02091666667      0.853245      0.104926      0.958172
0.021      0.85651      0.104967      0.961478
0.02108333333      0.859808      0.105008      0.964816
0.02116666667      0.86314      0.105048      0.968188
0.02125      0.866505      0.105088      0.971593
0.02133333333      0.869904      0.105128      0.975032
0.02141666667      0.873338      0.105167      0.978505
0.0215      0.876807      0.105206      0.982013
0.02158333333      0.880312      0.105245      0.985556
0.02166666667      0.883852      0.105283      0.989135
0.02175      0.887428      0.105321      0.992749
0.02183333333      0.891042      0.105358      0.9964
0.02191666667      0.894692      0.105395      1.00009
0.022      0.89838      0.105432      1.00381
0.02208333333      0.902106      0.105468      1.00757
0.02216666667      0.905871      0.105504      1.01137
0.02225      0.909674      0.105539      1.01521
0.02233333333      0.913517      0.105574      1.01909
0.02241666667      0.9174      0.105609      1.02301
0.0225      0.921322      0.105643      1.02697
0.02258333333      0.925286      0.105677      1.03096
0.02266666667      0.92929      0.10571      1.035
0.02275      0.933336      0.105743      1.03908
0.02283333333      0.937424      0.105775      1.0432
0.02291666667      0.941555      0.105807      1.04736
0.023      0.945728      0.105839      1.05157
0.02308333333      0.949945      0.10587      1.05581
0.02316666667      0.954205      0.1059      1.06011
0.02325      0.95851      0.10593      1.06444
0.02333333333      0.962859      0.10596      1.06882
0.02341666667      0.967253      0.105989      1.07324
0.0235      0.971693      0.106017      1.07771
0.02358333333      0.976179      0.106045      1.08222
0.02366666667      0.980711      0.106073      1.08678
