0.001      0.0413369      0.0463477      0.0876846
0.001055      0.0412395      0.0464735      0.087713
0.00111      0.0411722      0.0465983      0.0877705
0.001165      0.0411475      0.0467223      0.0878698
0.00122      0.0411808      0.0468455      0.0880263
0.001275      0.0412908      0.0469681      0.0882589
0.00133      0.0414994      0.0470902      0.0885895
0.001385      0.0418311      0.0472118      0.0890429
0.00144      0.042313      0.0473328      0.0896459
0.001495      0.0429733      0.0474534      0.0904267
0.00155      0.0438406      0.0475734      0.091414
0.001605      0.0449426      0.0476927      0.0926353
0.00166      0.0463052      0.0478113      0.0941165
0.001715      0.0479509      0.047929      0.09588
0.00177      0.0498987      0.0480457      0.0979444
0.001825      0.0521623      0.0481613      0.100324
0.00188      0.0547505      0.0482756      0.103026
0.001935      0.0576662      0.0483884      0.106055
0.00199      0.0609069      0.0484996      0.109406
0.002045      0.0644645      0.0486088      0.113073
0.0021      0.0683257      0.0487159      0.117042
0.002155      0.0724725      0.0488205      0.121293
0.00221      0.076883      0.0489226      0.125806
0.002265      0.0815318      0.0490217      0.130553
0.00232      0.0863908      0.0491176      0.135508
0.002375      0.0914301      0.0492102      0.14064
0.00243      0.0966186      0.0492991      0.145918
0.002485      0.101925      0.0493841      0.151309
0.00254      0.107317      0.0494652      0.156782
0.002595      0.112764      0.0495421      0.162306
0.00265      0.118236      0.0496147      0.167851
0.002705      0.123705      0.049683      0.173388
0.00276      0.129145      0.049747      0.178892
0.002815      0.134531      0.0498067      0.184338
0.00287      0.139842      0.0498622      0.189704
0.002925      0.145056      0.0499136      0.19497
0.00298      0.150158      0.0499611      0.200119
0.003035      0.155132      0.0500048      0.205137
0.00309      0.159966      0.0500449      0.210011
0.003145      0.164649      0.0500819      0.214731
0.0032      0.169173      0.0501158      0.219288
0.003255      0.173531      0.0501472      0.223678
0.00331      0.177721      0.0501762      0.227897
0.003365      0.181738      0.0502032      0.231941
0.00342      0.185583      0.0502286      0.235811
0.003475      0.189254      0.0502528      0.239507
0.00353      0.192755      0.050276      0.243031
0.003585      0.196088      0.0502988      0.246387
0.00364      0.199256      0.0503214      0.249577
0.003695      0.202264      0.0503441      0.252608
0.00375      0.205116      0.0503674      0.255484
0.003805      0.20782      0.0503914      0.258211
0.00386      0.210379      0.0504166      0.260796
0.003915      0.212801      0.0504432      0.263245
0.00397      0.215093      0.0504715      0.265564
0.004025      0.21726      0.0505017      0.267762
0.00408      0.219311      0.050534      0.269845
0.004135      0.22125      0.0505686      0.271819
0.00419      0.223086      0.0506057      0.273692
0.004245      0.224825      0.0506455      0.27547
0.0043      0.226473      0.050688      0.277161
0.004355      0.228036      0.0507334      0.27877
0.00441      0.229521      0.0507818      0.280303
0.004465      0.230934      0.0508332      0.281767
0.00452      0.232279      0.0508876      0.283167
0.004575      0.233564      0.0509452      0.284509
0.00463      0.234791      0.0510059      0.285797
0.004685      0.235968      0.0510697      0.287037
0.00474      0.237097      0.0511365      0.288234
0.004795      0.238184      0.0512064      0.28939
0.00485      0.239232      0.0512794      0.290512
0.004905      0.240246      0.0513552      0.291601
0.00496      0.241229      0.051434      0.292663
0.005015      0.242184      0.0515155      0.2937
0.00507      0.243115      0.0515998      0.294715
0.005125      0.244024      0.0516867      0.29571
0.00518      0.244913      0.0517762      0.29669
0.005235      0.245787      0.0518681      0.297655
0.00529      0.246645      0.0519623      0.298608
0.005345      0.247492      0.0520588      0.299551
0.0054      0.248328      0.0521575      0.300486
0.005455      0.249155      0.0522582      0.301414
0.00551      0.249976      0.0523608      0.302337
0.005565      0.25079      0.0524652      0.303256
0.00562      0.2516      0.0525714      0.304172
0.005675      0.252407      0.0526792      0.305086
0.00573      0.253212      0.0527885      0.306
0.005785      0.254015      0.0528992      0.306914
0.00584      0.254817      0.0530114      0.307829
0.005895      0.25562      0.0531247      0.308745
0.00595      0.256423      0.0532392      0.309662
0.006005      0.257228      0.0533548      0.310583
0.00606      0.258034      0.0534714      0.311506
0.006115      0.258843      0.053589      0.312432
0.00617      0.259654      0.0537074      0.313361
0.006225      0.260468      0.0538266      0.314294
0.00628      0.261285      0.0539465      0.315231
0.006335      0.262105      0.054067      0.316172
0.00639      0.262928      0.0541882      0.317117
0.006445      0.263755      0.0543099      0.318065
0.0065      0.264586      0.0544321      0.319018
0.006555      0.26542      0.0545548      0.319975
0.00661      0.266258      0.0546778      0.320936
0.006665      0.2671      0.0548013      0.321902
0.00672      0.267946      0.054925      0.322871
0.006775      0.268795      0.055049      0.323844
0.00683      0.269648      0.0551733      0.324822
0.006885      0.270505      0.0552978      0.325803
0.00694      0.271366      0.0554224      0.326788
0.006995      0.27223      0.0555473      0.327777
0.00705      0.273098      0.0556722      0.32877
0.007105      0.273969      0.0557973      0.329767
0.00716      0.274844      0.0559224      0.330767
0.007215      0.275723      0.0560476      0.331771
0.00727      0.276605      0.0561728      0.332778
0.007325      0.277491      0.0562981      0.333789
0.00738      0.27838      0.0564233      0.334804
0.007435      0.279273      0.0565485      0.335822
0.00749      0.280169      0.0566736      0.336843
0.007545      0.281069      0.0567987      0.337868
0.0076      0.281973      0.0569237      0.338896
0.007655      0.28288      0.0570486      0.339928
0.00771      0.28379      0.0571734      0.340964
0.007765      0.284704      0.0572981      0.342002
0.00782      0.285622      0.0574226      0.343045
0.007875      0.286544      0.057547      0.344091
0.00793      0.287469      0.0576711      0.34514
0.007985      0.288398      0.0577951      0.346193
0.00804      0.289332      0.0579188      0.34725
0.008095      0.290269      0.0580424      0.348311
0.00815      0.29121      0.0581656      0.349376
0.008205      0.292156      0.0582886      0.350445
0.00826      0.293106      0.0584114      0.351517
0.008315      0.29406      0.0585338      0.352594
0.00837      0.295019      0.0586559      0.353675
0.008425      0.295983      0.0587777      0.354761
0.00848      0.296952      0.0588991      0.355851
0.008535      0.297925      0.0590201      0.356946
0.00859      0.298904      0.0591408      0.358045
0.008645      0.299888      0.059261      0.359149
0.0087      0.300878      0.0593809      0.360258
0.008755      0.301873      0.0595003      0.361373
0.00881      0.302873      0.0596192      0.362492
0.008865      0.30388      0.0597377      0.363618
0.00892      0.304893      0.0598556      0.364748
0.008975      0.305911      0.0599731      0.365884
0.00903      0.306937      0.06009      0.367027
0.009085      0.307968      0.0602063      0.368175
0.00914      0.309007      0.0603221      0.369329
0.009195      0.310052      0.0604374      0.37049
0.00925      0.311105      0.060552      0.371657
0.009305      0.312164      0.060666      0.37283
0.00936      0.313231      0.0607794      0.374011
0.009415      0.314306      0.0608921      0.375198
0.00947      0.315388      0.0610042      0.376392
0.009525      0.316478      0.0611156      0.377594
0.00958      0.317576      0.0612263      0.378802
0.009635      0.318682      0.0613363      0.380019
0.00969      0.319797      0.0614456      0.381242
0.009745      0.32092      0.0615541      0.382474
0.0098      0.322051      0.0616619      0.383713
0.009855      0.323192      0.0617689      0.384961
0.00991      0.324341      0.0618752      0.386216
0.009965      0.325499      0.0619807      0.38748
0.01002      0.326667      0.0620854      0.388752
0.010075      0.327843      0.0621893      0.390033
0.01013      0.32903      0.0622924      0.391322
0.010185      0.330225      0.0623947      0.39262
0.01024      0.331431      0.0624961      0.393927
0.010295      0.332646      0.0625967      0.395242
0.01035      0.333871      0.0626965      0.396567
0.010405      0.335106      0.0627954      0.397901
0.01046      0.336351      0.0628935      0.399244
0.010515      0.337606      0.0629908      0.400597
0.01057      0.338872      0.0630871      0.401959
0.010625      0.340148      0.0631826      0.40333
0.01068      0.341434      0.0632773      0.404712
0.010735      0.342731      0.0633711      0.406102
0.01079      0.344039      0.063464      0.407503
0.010845      0.345357      0.063556      0.408913
0.0109      0.346686      0.0636472      0.410334
0.010955      0.348026      0.0637375      0.411764
0.01101      0.349377      0.063827      0.413204
0.011065      0.350739      0.0639155      0.414655
0.01112      0.352112      0.0640033      0.416115
0.011175      0.353496      0.0640901      0.417586
0.01123      0.354891      0.0641761      0.419067
0.011285      0.356297      0.0642613      0.420558
0.01134      0.357714      0.0643456      0.42206
0.011395      0.359143      0.0644291      0.423572
0.01145      0.360583      0.0645117      0.425094
0.011505      0.362034      0.0645935      0.426627
0.01156      0.363496      0.0646745      0.428171
0.011615      0.36497      0.0647547      0.429725
0.01167      0.366455      0.0648341      0.431289
0.011725      0.367952      0.0649126      0.432864
0.01178      0.369459      0.0649904      0.43445
0.011835      0.370979      0.0650674      0.436046
0.01189      0.372509      0.0651436      0.437653
0.011945      0.374051      0.0652191      0.43927
0.012      0.375605      0.0652938      0.440898
