0.01      0.403917      0.226203      0.63012
0.010125      0.410575      0.225697      0.636272
0.01025      0.417528      0.225164      0.642692
0.010375      0.424787      0.224608      0.649395
0.0105      0.432358      0.224032      0.65639
0.010625      0.44025      0.223441      0.66369
0.01075      0.448466      0.222838      0.671304
0.010875      0.457013      0.222228      0.679241
0.011      0.465893      0.221615      0.687508
0.011125      0.475108      0.221002      0.69611
0.01125      0.484658      0.220393      0.705051
0.011375      0.494543      0.219792      0.714335
0.0115      0.504761      0.2192      0.723961
0.011625      0.515309      0.218621      0.73393
0.01175      0.526182      0.218058      0.74424
0.011875      0.537375      0.217512      0.754887
0.012      0.54888      0.216985      0.765865
0.012125      0.560691      0.216478      0.777169
0.01225      0.572799      0.215993      0.788792
0.012375      0.585194      0.215529      0.800723
0.0125      0.597865      0.215088      0.812954
0.012625      0.610803      0.21467      0.825473
0.01275      0.623994      0.214274      0.838268
0.012875      0.637427      0.213901      0.851328
0.013      0.651089      0.213549      0.864638
0.013125      0.664967      0.213217      0.878184
0.01325      0.679047      0.212905      0.891952
0.013375      0.693315      0.212611      0.905927
0.0135      0.707758      0.212335      0.920093
0.013625      0.722362      0.212073      0.934435
0.01375      0.737111      0.211827      0.948938
0.013875      0.751992      0.211592      0.963585
0.014      0.766992      0.211368      0.97836
0.014125      0.782095      0.211154      0.993248
0.01425      0.797287      0.210946      1.00823
0.014375      0.812556      0.210745      1.0233
0.0145      0.827888      0.210547      1.03844
0.014625      0.843269      0.210352      1.05362
0.01475      0.858687      0.210157      1.06884
0.014875      0.874129      0.209961      1.08409
0.015      0.889583      0.209763      1.09935
0.015125      0.905037      0.209561      1.1146
0.01525      0.920479      0.209354      1.12983
0.015375      0.9359      0.20914      1.14504
0.0155      0.951287      0.208919      1.16021
0.015625      0.966631      0.208689      1.17532
0.01575      0.981923      0.20845      1.19037
0.015875      0.997152      0.2082      1.20535
0.016      1.01231      0.207939      1.22025
0.016125      1.02739      0.207666      1.23506
0.01625      1.04238      0.20738      1.24976
0.016375      1.05728      0.207082      1.26436
0.0165      1.07208      0.20677      1.27885
0.016625      1.08677      0.206446      1.29322
0.01675      1.10135      0.206107      1.30745
0.016875      1.1158      0.205755      1.32156
0.017      1.13013      0.205389      1.33552
0.017125      1.14434      0.20501      1.34935
0.01725      1.1584      0.204618      1.36302
0.017375      1.17233      0.204212      1.37654
0.0175      1.18612      0.203794      1.38991
0.017625      1.19976      0.203364      1.40313
0.01775      1.21326      0.202922      1.41618
0.017875      1.2266      0.202469      1.42907
0.018      1.2398      0.202005      1.4418
0.018125      1.25283      0.201531      1.45436
0.01825      1.26571      0.201047      1.46676
0.018375      1.27844      0.200555      1.47899
0.0185      1.291      0.200055      1.49106
0.018625      1.3034      0.199548      1.50295
0.01875      1.31565      0.199034      1.51468
0.018875      1.32773      0.198515      1.52625
0.019      1.33966      0.197991      1.53765
0.019125      1.35142      0.197462      1.54888
0.01925      1.36302      0.19693      1.55995
0.019375      1.37447      0.196396      1.57086
0.0195      1.38575      0.19586      1.58161
0.019625      1.39688      0.195323      1.5922
0.01975      1.40785      0.194786      1.60263
0.019875      1.41866      0.194249      1.61291
0.02      1.42932      0.193714      1.62304
0.020125      1.43983      0.193181      1.63301
0.02025      1.45019      0.19265      1.64284
0.020375      1.4604      0.192123      1.65252
0.0205      1.47046      0.1916      1.66206
0.020625      1.48037      0.191081      1.67145
0.02075      1.49015      0.190568      1.68071
0.020875      1.49978      0.190061      1.68984
0.021      1.50927      0.18956      1.69883
0.021125      1.51863      0.189066      1.7077
0.02125      1.52785      0.18858      1.71643
0.021375      1.53695      0.188101      1.72505
0.0215      1.54591      0.18763      1.73354
0.021625      1.55475      0.187169      1.74192
0.02175      1.56346      0.186716      1.75018
0.021875      1.57206      0.186272      1.75833
0.022      1.58054      0.185838      1.76637
0.022125      1.5889      0.185414      1.77431
0.02225      1.59715      0.185      1.78215
0.022375      1.60529      0.184596      1.78989
0.0225      1.61333      0.184202      1.79753
0.022625      1.62126      0.183819      1.80508
0.02275      1.62909      0.183447      1.81254
0.022875      1.63683      0.183085      1.81991
0.023      1.64447      0.182735      1.8272
0.023125      1.65202      0.182395      1.83442
0.02325      1.65948      0.182066      1.84155
0.023375      1.66686      0.181747      1.84861
0.0235      1.67416      0.181439      1.8556
0.023625      1.68137      0.181142      1.86252
0.02375      1.68851      0.180856      1.86937
0.023875      1.69558      0.18058      1.87616
0.024      1.70258      0.180314      1.8829
0.024125      1.70952      0.180058      1.88957
0.02425      1.71638      0.179813      1.8962
0.024375      1.72319      0.179577      1.90277
0.0245      1.72994      0.179351      1.9093
0.024625      1.73664      0.179134      1.91578
0.02475      1.74329      0.178927      1.92221
0.024875      1.74988      0.178728      1.92861
0.025      1.75644      0.178538      1.93498
0.025125      1.76295      0.178357      1.9413
0.02525      1.76942      0.178184      1.9476
0.025375      1.77585      0.178018      1.95387
0.0255      1.78225      0.177861      1.96011
0.025625      1.78862      0.17771      1.96633
0.02575      1.79496      0.177567      1.97253
0.025875      1.80128      0.177431      1.97871
0.026      1.80758      0.177301      1.98488
0.026125      1.81385      0.177178      1.99103
0.02625      1.82011      0.17706      1.99717
0.026375      1.82636      0.176948      2.00331
0.0265      1.83259      0.176841      2.00943
0.026625      1.83882      0.17674      2.01556
0.02675      1.84504      0.176643      2.02168
0.026875      1.85126      0.17655      2.02781
0.027      1.85748      0.176462      2.03394
0.027125      1.8637      0.176378      2.04008
0.02725      1.86993      0.176297      2.04623
0.027375      1.87616      0.17622      2.05238
0.0275      1.88241      0.176146      2.05855
0.027625      1.88867      0.176074      2.06474
0.02775      1.89494      0.176005      2.07094
0.027875      1.90123      0.175939      2.07717
0.028      1.90754      0.175874      2.08341
0.028125      1.91387      0.175812      2.08969
0.02825      1.92023      0.175751      2.09598
0.028375      1.92662      0.175691      2.10231
0.0285      1.93304      0.175632      2.10867
0.028625      1.93948      0.175575      2.11506
0.02875      1.94597      0.175518      2.12148
0.028875      1.95249      0.175461      2.12795
0.029      1.95904      0.175405      2.13445
0.029125      1.96564      0.175349      2.14099
0.02925      1.97229      0.175293      2.14758
0.029375      1.97897      0.175237      2.15421
0.0295      1.98571      0.175181      2.16089
0.029625      1.9925      0.175124      2.16762
0.02975      1.99933      0.175066      2.1744
0.029875      2.00622      0.175007      2.18123
0.03      2.01317      0.174948      2.18812
0.030125      2.02017      0.174888      2.19506
0.03025      2.02724      0.174826      2.20206
0.030375      2.03436      0.174763      2.20913
0.0305      2.04155      0.174699      2.21625
0.030625      2.04881      0.174634      2.22344
0.03075      2.05613      0.174567      2.2307
0.030875      2.06352      0.174498      2.23802
0.031      2.07098      0.174428      2.24541
0.031125      2.07852      0.174356      2.25287
0.03125      2.08613      0.174282      2.26041
0.031375      2.09381      0.174207      2.26802
0.0315      2.10158      0.17413      2.27571
0.031625      2.10942      0.17405      2.28347
0.03175      2.11734      0.173969      2.29131
0.031875      2.12535      0.173886      2.29924
0.032      2.13344      0.173801      2.30724
0.032125      2.14162      0.173714      2.31534
0.03225      2.14989      0.173625      2.32351
0.032375      2.15824      0.173534      2.33178
0.0325      2.16669      0.173441      2.34013
0.032625      2.17523      0.173347      2.34857
0.03275      2.18386      0.17325      2.35711
0.032875      2.19259      0.173151      2.36574
0.033      2.20141      0.17305      2.37446
0.033125      2.21033      0.172948      2.38328
