0.01      0.414674      0.193568      0.608242
0.010125      0.425138      0.193277      0.618415
0.01025      0.435946      0.192987      0.628933
0.010375      0.447089      0.192697      0.639786
0.0105      0.458557      0.192407      0.650964
0.010625      0.470339      0.192117      0.662456
0.01075      0.482424      0.191827      0.674251
0.010875      0.494798      0.191537      0.686334
0.011      0.507447      0.191246      0.698693
0.011125      0.520359      0.190955      0.711314
0.01125      0.533518      0.190664      0.724182
0.011375      0.546909      0.190372      0.737281
0.0115      0.560516      0.190079      0.750596
0.011625      0.574324      0.189786      0.76411
0.01175      0.588317      0.189492      0.777809
0.011875      0.602477      0.189197      0.791674
0.012      0.616789      0.188901      0.80569
0.012125      0.631236      0.188604      0.81984
0.01225      0.645801      0.188306      0.834107
0.012375      0.660468      0.188007      0.848474
0.0125      0.675221      0.187706      0.862927
0.012625      0.690043      0.187404      0.877447
0.01275      0.704919      0.187101      0.89202
0.012875      0.719833      0.186797      0.90663
0.013      0.734771      0.186491      0.921262
0.013125      0.749716      0.186184      0.9359
0.01325      0.764655      0.185875      0.950531
0.013375      0.779575      0.185565      0.96514
0.0135      0.79446      0.185253      0.979713
0.013625      0.809299      0.18494      0.994239
0.01375      0.824079      0.184626      1.0087
0.013875      0.838787      0.18431      1.0231
0.014      0.853414      0.183993      1.03741
0.014125      0.867947      0.183674      1.05162
0.01425      0.882377      0.183355      1.06573
0.014375      0.896694      0.183033      1.07973
0.0145      0.910889      0.182711      1.0936
0.014625      0.924953      0.182387      1.10734
0.01475      0.938879      0.182063      1.12094
0.014875      0.952659      0.181737      1.1344
0.015      0.966287      0.18141      1.1477
0.015125      0.979755      0.181083      1.16084
0.01525      0.993059      0.180755      1.17381
0.015375      1.00619      0.180426      1.18662
0.0155      1.01915      0.180096      1.19925
0.015625      1.03194      0.179766      1.2117
0.01575      1.04454      0.179435      1.22397
0.015875      1.05695      0.179104      1.23606
0.016      1.06918      0.178773      1.24795
0.016125      1.08122      0.178442      1.25966
0.01625      1.09306      0.178111      1.27117
0.016375      1.10472      0.17778      1.2825
0.0165      1.11618      0.177449      1.29362
0.016625      1.12744      0.177118      1.30456
0.01675      1.13851      0.176788      1.3153
0.016875      1.14939      0.176459      1.32585
0.017      1.16007      0.17613      1.3362
0.017125      1.17056      0.175802      1.34636
0.01725      1.18085      0.175475      1.35633
0.017375      1.19096      0.175149      1.36611
0.0175      1.20088      0.174824      1.3757
0.017625      1.21061      0.174501      1.38511
0.01775      1.22015      0.174179      1.39433
0.017875      1.22952      0.173858      1.40337
0.018      1.2387      0.173539      1.41224
0.018125      1.2477      0.173221      1.42092
0.01825      1.25653      0.172905      1.42944
0.018375      1.26519      0.172592      1.43779
0.0185      1.27369      0.17228      1.44597
0.018625      1.28201      0.17197      1.45398
0.01875      1.29018      0.171662      1.46184
0.018875      1.29819      0.171357      1.46954
0.019      1.30604      0.171053      1.47709
0.019125      1.31375      0.170753      1.4845
0.01925      1.3213      0.170454      1.49176
0.019375      1.32872      0.170159      1.49888
0.0195      1.336      0.169865      1.50586
0.019625      1.34314      0.169575      1.51271
0.01975      1.35015      0.169287      1.51944
0.019875      1.35704      0.169002      1.52604
0.02      1.3638      0.16872      1.53252
0.020125      1.37045      0.16844      1.53889
0.02025      1.37698      0.168164      1.54514
0.020375      1.3834      0.16789      1.55129
0.0205      1.38972      0.16762      1.55734
0.020625      1.39594      0.167353      1.56329
0.02075      1.40206      0.167088      1.56914
0.020875      1.40808      0.166827      1.57491
0.021      1.41402      0.166569      1.58059
0.021125      1.41987      0.166313      1.58619
0.02125      1.42565      0.166061      1.59171
0.021375      1.43134      0.165813      1.59716
0.0215      1.43697      0.165567      1.60254
0.021625      1.44252      0.165324      1.60785
0.02175      1.44802      0.165085      1.6131
0.021875      1.45345      0.164849      1.6183
0.022      1.45882      0.164616      1.62344
0.022125      1.46414      0.164386      1.62853
0.02225      1.46942      0.164159      1.63358
0.022375      1.47464      0.163936      1.63858
0.0225      1.47983      0.163715      1.64355
0.022625      1.48498      0.163498      1.64848
0.02275      1.49009      0.163284      1.65338
0.022875      1.49518      0.163073      1.65825
0.023      1.50023      0.162865      1.6631
0.023125      1.50527      0.162659      1.66792
0.02325      1.51028      0.162457      1.67273
0.023375      1.51527      0.162258      1.67753
0.0235      1.52025      0.162062      1.68232
0.023625      1.52522      0.161869      1.68709
0.02375      1.53019      0.161678      1.69187
0.023875      1.53515      0.161491      1.69664
0.024      1.54011      0.161306      1.70141
0.024125      1.54507      0.161124      1.70619
0.02425      1.55003      0.160945      1.71098
0.024375      1.555      0.160768      1.71577
0.0245      1.55999      0.160595      1.72058
0.024625      1.56498      0.160423      1.72541
0.02475      1.57      0.160255      1.73025
0.024875      1.57503      0.160089      1.73512
0.025      1.58008      0.159925      1.74001
0.025125      1.58516      0.159764      1.74493
0.02525      1.59027      0.159605      1.74987
0.025375      1.5954      0.159449      1.75485
0.0255      1.60057      0.159295      1.75986
0.025625      1.60577      0.159144      1.76491
0.02575      1.611      0.158994      1.77
0.025875      1.61628      0.158847      1.77513
0.026      1.6216      0.158702      1.7803
0.026125      1.62696      0.15856      1.78552
0.02625      1.63237      0.158419      1.79079
0.026375      1.63782      0.15828      1.7961
0.0265      1.64333      0.158144      1.80147
0.026625      1.64888      0.158009      1.80689
0.02675      1.6545      0.157877      1.81237
0.026875      1.66017      0.157746      1.81791
0.027      1.66589      0.157617      1.82351
0.027125      1.67168      0.15749      1.82917
0.02725      1.67753      0.157365      1.83489
0.027375      1.68344      0.157241      1.84069
0.0275      1.68942      0.157119      1.84654
0.027625      1.69547      0.156999      1.85247
0.02775      1.70159      0.156881      1.85847
0.027875      1.70778      0.156764      1.86455
0.028      1.71405      0.156648      1.87069
0.028125      1.72038      0.156535      1.87692
0.02825      1.7268      0.156422      1.88322
0.028375      1.73329      0.156311      1.88961
0.0285      1.73987      0.156202      1.89607
0.028625      1.74653      0.156094      1.90262
0.02875      1.75327      0.155987      1.90925
0.028875      1.76009      0.155882      1.91597
0.029      1.767      0.155778      1.92278
0.029125      1.774      0.155675      1.92968
0.02925      1.78109      0.155574      1.93667
0.029375      1.78828      0.155473      1.94375
0.0295      1.79555      0.155374      1.95093
0.029625      1.80292      0.155276      1.9582
0.02975      1.81039      0.15518      1.96557
0.029875      1.81795      0.155084      1.97303
0.03      1.82561      0.154989      1.9806
0.030125      1.83337      0.154896      1.98827
0.03025      1.84123      0.154803      1.99604
0.030375      1.8492      0.154712      2.00391
0.0305      1.85727      0.154621      2.01189
0.030625      1.86545      0.154532      2.01998
0.03075      1.87373      0.154443      2.02817
0.030875      1.88212      0.154356      2.03648
0.031      1.89062      0.154269      2.04489
0.031125      1.89924      0.154183      2.05342
0.03125      1.90796      0.154098      2.06206
0.031375      1.9168      0.154014      2.07082
0.0315      1.92576      0.15393      2.07969
0.031625      1.93483      0.153848      2.08867
0.03175      1.94401      0.153766      2.09778
0.031875      1.95332      0.153685      2.10701
0.032      1.96275      0.153605      2.11635
0.032125      1.97229      0.153525      2.12582
0.03225      1.98197      0.153446      2.13541
0.032375      1.99176      0.153368      2.14513
0.0325      2.00168      0.153291      2.15497
0.032625      2.01172      0.153214      2.16494
0.03275      2.02189      0.153138      2.17503
0.032875      2.03219      0.153062      2.18526
0.033      2.04262      0.152988      2.19561
0.033125      2.05318      0.152913      2.2061
0.03325      2.06388      0.15284      2.21672
0.033375      2.0747      0.152767      2.22747
0.0335      2.08566      0.152694      2.23835
0.033625      2.09675      0.152622      2.24938
0.03375      2.10798      0.152551      2.26053
0.033875      2.11935      0.15248      2.27183
0.034      2.13086      0.152409      2.28327
0.034125      2.1425      0.152339      2.29484
0.03425      2.15429      0.15227      2.30656
0.034375      2.16621      0.152201      2.31841
0.0345      2.17828      0.152132      2.33042
0.034625      2.1905      0.152064      2.34256
0.03475      2.20285      0.151997      2.35485
0.034875      2.21535      0.151929      2.36728
0.035      2.228      0.151863      2.37987
0.035125      2.2408      0.151796      2.3926
0.03525      2.25374      0.15173      2.40547
0.035375      2.26684      0.151665      2.4185
0.0355      2.28008      0.151599      2.43168
0.035625      2.29347      0.151535      2.44501
0.03575      2.30702      0.15147      2.45849
0.035875      2.32072      0.151406      2.47212
0.036      2.33457      0.151342      2.48591
0.036125      2.34858      0.151278      2.49986
0.03625      2.36274      0.151215      2.51395
0.036375      2.37706      0.151152      2.52821
0.0365      2.39153      0.151089      2.54262
0.036625      2.40616      0.151027      2.55719
0.03675      2.42095      0.150965      2.57192
0.036875      2.4359      0.150903      2.5868
0.037      2.45101      0.150841      2.60185
0.037125      2.46628      0.15078      2.61706
0.03725      2.48171      0.150719      2.63243
0.037375      2.4973      0.150658      2.64796
0.0375      2.51306      0.150597      2.66365
0.037625      2.52897      0.150536      2.67951
0.03775      2.54505      0.150476      2.69553
0.037875      2.5613      0.150416      2.71171
0.038      2.57771      0.150355      2.72806
0.038125      2.59428      0.150296      2.74458
0.03825      2.61102      0.150236      2.76126
0.038375      2.62793      0.150176      2.7781
0.0385      2.645      0.150116      2.79512
0.038625      2.66224      0.150057      2.8123
0.03875      2.67965      0.149998      2.82965
0.038875      2.69722      0.149938      2.84716
0.039      2.71497      0.149879      2.86485
0.039125      2.73288      0.14982      2.8827
0.03925      2.75096      0.149761      2.90072
0.039375      2.76921      0.149702      2.91891
0.0395      2.78763      0.149643      2.93727
0.039625      2.80622      0.149584      2.9558
0.03975      2.82497      0.149525      2.9745
0.039875      2.8439      0.149466      2.99337
0.04      2.863      0.149408      3.01241
