0.0015      0.0498282      0.05542      0.105248
0.0015625      0.0500578      0.0555369      0.105595
0.001625      0.0504113      0.0556541      0.106065
0.0016875      0.0509158      0.0557716      0.106687
0.00175      0.0516      0.0558891      0.107489
0.0018125      0.0524934      0.0560065      0.1085
0.001875      0.0536251      0.0561236      0.109749
0.0019375      0.0550231      0.0562401      0.111263
0.002      0.0567127      0.0563559      0.113069
0.0020625      0.0587161      0.0564708      0.115187
0.002125      0.0610508      0.0565845      0.117635
0.0021875      0.0637298      0.0566968      0.120427
0.00225      0.0667606      0.0568074      0.123568
0.0023125      0.0701452      0.0569162      0.127061
0.002375      0.0738799      0.0570227      0.130903
0.0024375      0.0779558      0.0571266      0.135082
0.0025      0.0823588      0.0572277      0.139587
0.0025625      0.0870704      0.0573256      0.144396
0.002625      0.092068      0.0574201      0.149488
0.0026875      0.0973256      0.0575108      0.154836
0.00275      0.102815      0.0575975      0.160412
0.0028125      0.108505      0.0576798      0.166185
0.002875      0.114364      0.0577576      0.172122
0.0029375      0.12036      0.0578308      0.17819
0.003      0.126459      0.057899      0.184358
0.0030625      0.132631      0.0579624      0.190594
0.003125      0.138844      0.0580207      0.196865
0.0031875      0.145068      0.0580741      0.203142
0.00325      0.151274      0.0581225      0.209397
0.0033125      0.157438      0.0581661      0.215604
0.003375      0.163535      0.0582049      0.22174
0.0034375      0.169542      0.0582393      0.227781
0.0035      0.175441      0.0582693      0.233711
0.0035625      0.181215      0.0582954      0.23951
0.003625      0.186848      0.0583177      0.245166
0.0036875      0.192329      0.0583366      0.250665
0.00375      0.197646      0.0583525      0.255998
0.0038125      0.202792      0.0583658      0.261158
0.003875      0.20776      0.0583767      0.266137
0.0039375      0.212546      0.0583858      0.270932
0.004      0.217148      0.0583934      0.275541
0.0040625      0.221563      0.0583999      0.279963
0.004125      0.225792      0.0584058      0.284198
0.0041875      0.229837      0.0584113      0.288249
0.00425      0.2337      0.058417      0.292117
0.0043125      0.237384      0.0584232      0.295808
0.004375      0.240894      0.0584302      0.299324
0.0044375      0.244235      0.0584384      0.302673
0.0045      0.247411      0.0584481      0.305859
0.0045625      0.250429      0.0584596      0.308889
0.004625      0.253296      0.0584731      0.311769
0.0046875      0.256017      0.058489      0.314506
0.00475      0.2586      0.0585074      0.317108
0.0048125      0.261052      0.0585285      0.319581
0.004875      0.263379      0.0585526      0.321932
0.0049375      0.265589      0.0585797      0.324169
0.005      0.267688      0.0586101      0.326298
0.0050625      0.269684      0.0586437      0.328327
0.005125      0.271582      0.0586807      0.330263
0.0051875      0.27339      0.0587212      0.332111
0.00525      0.275114      0.0587652      0.333879
0.0053125      0.276759      0.0588127      0.335572
0.005375      0.278333      0.0588637      0.337197
0.0054375      0.27984      0.0589183      0.338758
0.0055      0.281286      0.0589763      0.340262
0.0055625      0.282676      0.0590378      0.341714
0.005625      0.284016      0.0591026      0.343119
0.0056875      0.28531      0.0591708      0.34448
0.00575      0.286561      0.0592423      0.345804
0.0058125      0.287776      0.0593169      0.347093
0.005875      0.288956      0.0593946      0.348351
0.0059375      0.290107      0.0594753      0.349582
0.006      0.291232      0.059559      0.350791
0.0060625      0.292333      0.0596454      0.351978
0.006125      0.293414      0.0597345      0.353148
0.0061875      0.294477      0.0598261      0.354303
0.00625      0.295526      0.0599203      0.355446
0.0063125      0.296562      0.0600167      0.356579
0.006375      0.297588      0.0601155      0.357704
0.0064375      0.298606      0.0602164      0.358822
0.0065      0.299617      0.0603193      0.359936
0.0065625      0.300623      0.0604241      0.361047
0.006625      0.301626      0.0605308      0.362157
0.0066875      0.302628      0.0606392      0.363267
0.00675      0.303628      0.0607492      0.364377
0.0068125      0.304629      0.0608608      0.36549
0.006875      0.305631      0.0609738      0.366605
0.0069375      0.306636      0.0610882      0.367724
0.007      0.307643      0.0612038      0.368847
0.0070625      0.308655      0.0613207      0.369975
0.007125      0.30967      0.0614386      0.371109
0.0071875      0.31069      0.0615576      0.372248
0.00725      0.311716      0.0616776      0.373394
0.0073125      0.312747      0.0617985      0.374546
0.007375      0.313784      0.0619202      0.375704
0.0074375      0.314827      0.0620427      0.37687
0.0075      0.315877      0.062166      0.378043
0.0075625      0.316932      0.0622899      0.379222
0.007625      0.317995      0.0624145      0.380409
0.0076875      0.319064      0.0625397      0.381603
0.00775      0.320139      0.0626654      0.382805
0.0078125      0.321221      0.0627916      0.384013
0.007875      0.32231      0.0629183      0.385228
0.0079375      0.323405      0.0630454      0.38645
0.008      0.324507      0.0631729      0.38768
0.0080625      0.325615      0.0633008      0.388916
0.008125      0.326729      0.063429      0.390158
0.0081875      0.32785      0.0635574      0.391407
0.00825      0.328976      0.0636862      0.392662
0.0083125      0.330109      0.0638152      0.393924
0.008375      0.331247      0.0639444      0.395191
0.0084375      0.332391      0.0640737      0.396465
0.0085      0.333541      0.0642032      0.397744
0.0085625      0.334696      0.0643329      0.399029
0.008625      0.335857      0.0644627      0.400319
0.0086875      0.337022      0.0645925      0.401615
0.00875      0.338193      0.0647224      0.402916
0.0088125      0.33937      0.0648523      0.404222
0.008875      0.340551      0.0649822      0.405533
0.0089375      0.341737      0.0651121      0.406849
0.009      0.342928      0.0652419      0.408169
0.0090625      0.344123      0.0653717      0.409495
0.009125      0.345324      0.0655014      0.410825
0.0091875      0.346529      0.0656309      0.41216
0.00925      0.347738      0.0657603      0.413499
0.0093125      0.348953      0.0658895      0.414842
0.009375      0.350172      0.0660185      0.41619
0.0094375      0.351395      0.0661473      0.417543
0.0095      0.352623      0.0662758      0.418899
0.0095625      0.353856      0.066404      0.42026
0.009625      0.355094      0.066532      0.421626
0.0096875      0.356336      0.0666595      0.422996
0.00975      0.357583      0.0667867      0.42437
0.0098125      0.358835      0.0669135      0.425749
0.009875      0.360092      0.0670399      0.427132
0.0099375      0.361354      0.0671658      0.428519
0.01      0.36262      0.0672912      0.429912
0.0100625      0.363892      0.0674161      0.431308
0.010125      0.365169      0.0675405      0.43271
0.0101875      0.366452      0.0676643      0.434116
0.01025      0.36774      0.0677874      0.435527
0.0103125      0.369033      0.06791      0.436943
0.010375      0.370333      0.0680319      0.438365
0.0104375      0.371638      0.0681531      0.439791
0.0105      0.372949      0.0682736      0.441222
0.0105625      0.374266      0.0683934      0.442659
0.010625      0.375589      0.0685124      0.444102
0.0106875      0.376919      0.0686306      0.44555
0.01075      0.378256      0.0687479      0.447003
0.0108125      0.379599      0.0688645      0.448463
0.010875      0.380949      0.0689802      0.449929
0.0109375      0.382306      0.0690949      0.4514
0.011      0.38367      0.0692088      0.452879
0.0110625      0.385041      0.0693217      0.454363
0.011125      0.38642      0.0694337      0.455854
0.0111875      0.387807      0.0695447      0.457352
0.01125      0.389202      0.0696546      0.458857
0.0113125      0.390605      0.0697636      0.460368
0.011375      0.392016      0.0698715      0.461887
0.0114375      0.393435      0.0699784      0.463413
0.0115      0.394863      0.0700842      0.464947
0.0115625      0.3963      0.0701889      0.466488
0.011625      0.397745      0.0702925      0.468038
0.0116875      0.3992      0.070395      0.469595
0.01175      0.400664      0.0704963      0.47116
0.0118125      0.402137      0.0705965      0.472733
0.011875      0.40362      0.0706956      0.474315
0.0119375      0.405112      0.0707935      0.475906
0.012      0.406615      0.0708902      0.477505
0.0120625      0.408127      0.0709858      0.479113
0.012125      0.40965      0.0710801      0.48073
0.0121875      0.411183      0.0711733      0.482357
0.01225      0.412727      0.0712653      0.483992
0.0123125      0.414281      0.0713561      0.485638
0.012375      0.415847      0.0714457      0.487292
0.0124375      0.417423      0.0715341      0.488957
0.0125      0.41901      0.0716213      0.490631
0.0125625      0.420608      0.0717073      0.492316
0.012625      0.422218      0.0717921      0.49401
0.0126875      0.42384      0.0718757      0.495715
0.01275      0.425473      0.0719581      0.497431
0.0128125      0.427118      0.0720393      0.499157
0.012875      0.428774      0.0721193      0.500894
0.0129375      0.430443      0.0721982      0.502641
0.013      0.432124      0.0722759      0.5044
0.0130625      0.433817      0.0723524      0.50617
0.013125      0.435523      0.0724278      0.507951
0.0131875      0.437241      0.072502      0.509743
0.01325      0.438972      0.0725751      0.511547
0.0133125      0.440715      0.072647      0.513362
0.013375      0.442471      0.0727179      0.515189
0.0134375      0.44424      0.0727876      0.517028
0.0135      0.446022      0.0728563      0.518878
0.0135625      0.447817      0.0729239      0.520741
0.013625      0.449625      0.0729904      0.522616
0.0136875      0.451447      0.0730559      0.524503
0.01375      0.453282      0.0731203      0.526402
0.0138125      0.45513      0.0731837      0.528314
0.013875      0.456992      0.0732461      0.530238
0.0139375      0.458867      0.0733076      0.532175
0.014      0.460756      0.073368      0.534124
