0.005      0.21742      0.185116      0.402536
0.005145833333      0.218578      0.184797      0.403374
0.005291666667      0.219851      0.18448      0.404331
0.0054375      0.221258      0.184165      0.405423
0.005583333333      0.222817      0.183852      0.40667
0.005729166667      0.224551      0.183542      0.408092
0.005875      0.226481      0.183233      0.409714
0.006020833333      0.228634      0.182925      0.411559
0.006166666667      0.231035      0.18262      0.413655
0.0063125      0.23371      0.182317      0.416027
0.006458333333      0.23669      0.182015      0.418705
0.006604166667      0.240001      0.181715      0.421716
0.00675      0.243673      0.181416      0.42509
0.006895833333      0.247734      0.181119      0.428853
0.007041666667      0.252211      0.180824      0.433035
0.0071875      0.25713      0.18053      0.43766
0.007333333333      0.262515      0.180238      0.442753
0.007479166667      0.268389      0.179947      0.448337
0.007625      0.274773      0.179658      0.45443
0.007770833333      0.281682      0.179369      0.461051
0.007916666667      0.289131      0.179082      0.468213
0.0080625      0.297132      0.178796      0.475929
0.008208333333      0.305692      0.178511      0.484204
0.008354166667      0.314816      0.178227      0.493044
0.0085      0.324505      0.177944      0.502449
0.008645833333      0.334756      0.177661      0.512417
0.008791666667      0.345563      0.177379      0.522942
0.0089375      0.356916      0.177097      0.534013
0.009083333333      0.368804      0.176815      0.545619
0.009229166667      0.381211      0.176533      0.557744
0.009375      0.394117      0.176251      0.570368
0.009520833333      0.407503      0.175968      0.583471
0.009666666667      0.421345      0.175685      0.59703
0.0098125      0.435616      0.175401      0.611017
0.009958333333      0.450291      0.175115      0.625406
0.01010416667      0.465339      0.174829      0.640168
0.01025      0.480731      0.174541      0.655271
0.01039583333      0.496434      0.174251      0.670685
0.01054166667      0.512417      0.17396      0.686377
0.0106875      0.528648      0.173667      0.702314
0.01083333333      0.545092      0.173371      0.718464
0.01097916667      0.561718      0.173074      0.734792
0.011125      0.578492      0.172774      0.751266
0.01127083333      0.595382      0.172472      0.767853
0.01141666667      0.612356      0.172167      0.784522
0.0115625      0.629382      0.171859      0.801242
0.01170833333      0.646432      0.171549      0.817981
0.01185416667      0.663474      0.171237      0.834711
0.012      0.680482      0.170921      0.851403
0.01214583333      0.697429      0.170603      0.868031
0.01229166667      0.714288      0.170282      0.88457
0.0124375      0.731036      0.169958      0.900994
0.01258333333      0.74765      0.169632      0.917282
0.01272916667      0.764109      0.169303      0.933412
0.012875      0.780393      0.168972      0.949365
0.01302083333      0.796484      0.168639      0.965123
0.01316666667      0.812365      0.168303      0.980668
0.0133125      0.828022      0.167965      0.995986
0.01345833333      0.843439      0.167625      1.01106
0.01360416667      0.858606      0.167283      1.02589
0.01375      0.873511      0.16694      1.04045
0.01389583333      0.888145      0.166595      1.05474
0.01404166667      0.902499      0.166249      1.06875
0.0141875      0.916568      0.165902      1.08247
0.01433333333      0.930345      0.165554      1.0959
0.01447916667      0.943827      0.165206      1.10903
0.014625      0.957009      0.164857      1.12187
0.01477083333      0.969891      0.164508      1.1344
0.01491666667      0.98247      0.164159      1.14663
0.0150625      0.994747      0.16381      1.15856
0.01520833333      1.00672      0.163462      1.17018
0.01535416667      1.0184      0.163114      1.18151
0.0155      1.02977      0.162768      1.19254
0.01564583333      1.04086      0.162422      1.20328
0.01579166667      1.05165      0.162078      1.21373
0.0159375      1.06216      0.161735      1.22389
0.01608333333      1.07238      0.161395      1.23377
0.01622916667      1.08233      0.161056      1.24338
0.016375      1.09201      0.160719      1.25273
0.01652083333      1.10142      0.160385      1.2618
0.01666666667      1.11058      0.160054      1.27063
0.0168125      1.11948      0.159725      1.27921
0.01695833333      1.12814      0.1594      1.28754
0.01710416667      1.13657      0.159077      1.29565
0.01725      1.14477      0.158758      1.30352
0.01739583333      1.15274      0.158442      1.31119
0.01754166667      1.16051      0.15813      1.31864
0.0176875      1.16807      0.157821      1.32589
0.01783333333      1.17543      0.157516      1.33295
0.01797916667      1.18261      0.157216      1.33982
0.018125      1.1896      0.156919      1.34652
0.01827083333      1.19642      0.156626      1.35305
0.01841666667      1.20308      0.156338      1.35942
0.0185625      1.20958      0.156054      1.36564
0.01870833333      1.21594      0.155775      1.37171
0.01885416667      1.22215      0.155499      1.37765
0.019      1.22824      0.155229      1.38347
0.01914583333      1.2342      0.154963      1.38916
0.01929166667      1.24004      0.154701      1.39474
0.0194375      1.24577      0.154444      1.40022
0.01958333333      1.25141      0.154192      1.4056
0.01972916667      1.25695      0.153945      1.41089
0.019875      1.2624      0.153702      1.4161
0.02002083333      1.26777      0.153464      1.42123
0.02016666667      1.27307      0.15323      1.4263
0.0203125      1.2783      0.153001      1.43131
0.02045833333      1.28348      0.152777      1.43626
0.02060416667      1.2886      0.152557      1.44116
0.02075      1.29367      0.152342      1.44602
0.02089583333      1.29871      0.152132      1.45084
0.02104166667      1.30371      0.151926      1.45563
0.0211875      1.30868      0.151725      1.4604
0.02133333333      1.31363      0.151528      1.46515
0.02147916667      1.31856      0.151335      1.46989
0.021625      1.32347      0.151147      1.47462
0.02177083333      1.32839      0.150963      1.47935
0.02191666667      1.3333      0.150783      1.48408
0.0220625      1.33821      0.150608      1.48882
0.02220833333      1.34313      0.150436      1.49357
0.02235416667      1.34806      0.150269      1.49833
0.0225      1.35301      0.150106      1.50312
0.02264583333      1.35798      0.149946      1.50793
0.02279166667      1.36298      0.149791      1.51277
0.0229375      1.36801      0.149639      1.51765
0.02308333333      1.37307      0.149491      1.52256
0.02322916667      1.37817      0.149347      1.52751
0.023375      1.38331      0.149206      1.53251
0.02352083333      1.38849      0.149068      1.53756
0.02366666667      1.39373      0.148934      1.54266
0.0238125      1.39901      0.148804      1.54782
0.02395833333      1.40435      0.148677      1.55303
0.02410416667      1.40975      0.148553      1.55831
0.02425      1.41522      0.148432      1.56365
0.02439583333      1.42074      0.148314      1.56906
0.02454166667      1.42634      0.148199      1.57454
0.0246875      1.43201      0.148087      1.58009
0.02483333333      1.43775      0.147978      1.58572
0.02497916667      1.44356      0.147872      1.59143
0.025125      1.44946      0.147768      1.59723
0.02527083333      1.45544      0.147667      1.6031
0.02541666667      1.4615      0.147569      1.60907
0.0255625      1.46765      0.147473      1.61512
0.02570833333      1.47389      0.147379      1.62127
0.02585416667      1.48022      0.147288      1.62751
0.026      1.48665      0.1472      1.63385
0.02614583333      1.49317      0.147113      1.64029
0.02629166667      1.49979      0.147029      1.64682
0.0264375      1.50652      0.146947      1.65347
0.02658333333      1.51335      0.146866      1.66021
0.02672916667      1.52028      0.146788      1.66707
0.026875      1.52732      0.146712      1.67403
0.02702083333      1.53447      0.146638      1.68111
0.02716666667      1.54174      0.146565      1.6883
0.0273125      1.54912      0.146495      1.69561
0.02745833333      1.55661      0.146426      1.70304
0.02760416667      1.56423      0.146359      1.71059
0.02775      1.57196      0.146293      1.71826
0.02789583333      1.57982      0.146229      1.72605
0.02804166667      1.58781      0.146166      1.73397
0.0281875      1.59592      0.146105      1.74202
0.02833333333      1.60416      0.146045      1.7502
0.02847916667      1.61253      0.145987      1.75851
0.028625      1.62103      0.14593      1.76696
0.02877083333      1.62967      0.145874      1.77554
0.02891666667      1.63844      0.145819      1.78426
0.0290625      1.64735      0.145766      1.79312
0.02920833333      1.65641      0.145714      1.80212
0.02935416667      1.66561      0.145663      1.81127
0.0295      1.67495      0.145612      1.82056
0.02964583333      1.68444      0.145563      1.83
0.02979166667      1.69407      0.145515      1.83959
0.0299375      1.70386      0.145468      1.84933
0.03008333333      1.7138      0.145421      1.85922
0.03022916667      1.7239      0.145376      1.86927
0.030375      1.73415      0.145331      1.87948
0.03052083333      1.74456      0.145287      1.88985
0.03066666667      1.75513      0.145244      1.90037
0.0308125      1.76586      0.145201      1.91107
0.03095833333      1.77676      0.145159      1.92192
0.03110416667      1.78783      0.145117      1.93294
0.03125      1.79906      0.145076      1.94414
0.03139583333      1.81046      0.145036      1.9555
0.03154166667      1.82204      0.144996      1.96703
0.0316875      1.83379      0.144957      1.97874
0.03183333333      1.84571      0.144918      1.99063
0.03197916667      1.85782      0.144879      2.00269
0.032125      1.8701      0.14484      2.01494
0.03227083333      1.88256      0.144802      2.02737
0.03241666667      1.89521      0.144765      2.03998
0.0325625      1.90805      0.144727      2.05278
0.03270833333      1.92107      0.14469      2.06576
0.03285416667      1.93428      0.144652      2.07894
0.033      1.94769      0.144615      2.0923
0.03314583333      1.96129      0.144578      2.10586
0.03329166667      1.97508      0.144542      2.11962
0.0334375      1.98907      0.144505      2.13357
0.03358333333      2.00326      0.144468      2.14772
0.03372916667      2.01764      0.144431      2.16208
0.033875      2.03224      0.144394      2.17663
0.03402083333      2.04703      0.144357      2.19139
0.03416666667      2.06203      0.14432      2.20635
0.0343125      2.07724      0.144282      2.22152
0.03445833333      2.09266      0.144245      2.23691
0.03460416667      2.10829      0.144207      2.2525
0.03475      2.12413      0.144169      2.2683
0.03489583333      2.14019      0.144131      2.28432
0.03504166667      2.15646      0.144092      2.30055
0.0351875      2.17295      0.144054      2.31701
0.03533333333      2.18966      0.144014      2.33368
0.03547916667      2.20659      0.143975      2.35057
0.035625      2.22374      0.143935      2.36768
0.03577083333      2.24112      0.143894      2.38501
0.03591666667      2.25872      0.143854      2.40257
0.0360625      2.27655      0.143812      2.42036
0.03620833333      2.2946      0.14377      2.43837
0.03635416667      2.31289      0.143728      2.45662
0.0365      2.3314      0.143685      2.47509
0.03664583333      2.35015      0.143642      2.49379
0.03679166667      2.36913      0.143598      2.51272
0.0369375      2.38834      0.143553      2.53189
0.03708333333      2.40779      0.143508      2.55129
0.03722916667      2.42747      0.143462      2.57093
0.037375      2.44739      0.143415      2.5908
0.03752083333      2.46755      0.143368      2.61092
0.03766666667      2.48794      0.14332      2.63126
0.0378125      2.50858      0.143271      2.65185
0.03795833333      2.52946      0.143221      2.67268
0.03810416667      2.55058      0.143171      2.69375
0.03825      2.57194      0.14312      2.71506
0.03839583333      2.59354      0.143068      2.73661
0.03854166667      2.61539      0.143015      2.7584
0.0386875      2.63748      0.142962      2.78044
0.03883333333      2.65981      0.142908      2.80272
0.03897916667      2.68239      0.142852      2.82524
0.039125      2.70522      0.142796      2.84801
0.03927083333      2.72829      0.142739      2.87102
0.03941666667      2.7516      0.142681      2.89428
0.0395625      2.77516      0.142623      2.91778
0.03970833333      2.79897      0.142563      2.94153
0.03985416667      2.82302      0.142502      2.96552
0.04      2.84732      0.142441      2.98976
