0.01      0.397906      0.214209      0.612115
0.010125      0.405809      0.213863      0.619672
0.01025      0.414063      0.213518      0.627581
0.010375      0.422667      0.213173      0.635841
0.0105      0.431624      0.212829      0.644453
0.010625      0.440931      0.212485      0.653416
0.01075      0.450587      0.212142      0.662729
0.010875      0.46059      0.211798      0.672389
0.011      0.470936      0.211455      0.682391
0.011125      0.481619      0.211112      0.692732
0.01125      0.492635      0.210769      0.703404
0.011375      0.503977      0.210426      0.714403
0.0115      0.515636      0.210082      0.725719
0.011625      0.527606      0.209739      0.737344
0.01175      0.539875      0.209395      0.74927
0.011875      0.552436      0.20905      0.761486
0.012      0.565277      0.208705      0.773982
0.012125      0.578387      0.20836      0.786746
0.01225      0.591754      0.208013      0.799767
0.012375      0.605365      0.207666      0.813031
0.0125      0.619208      0.207319      0.826527
0.012625      0.63327      0.20697      0.84024
0.01275      0.647537      0.206621      0.854158
0.012875      0.661995      0.20627      0.868265
0.013      0.67663      0.205919      0.882549
0.013125      0.691427      0.205566      0.896993
0.01325      0.706372      0.205213      0.911585
0.013375      0.721451      0.204858      0.926309
0.0135      0.736649      0.204503      0.941151
0.013625      0.75195      0.204146      0.956096
0.01375      0.767342      0.203788      0.971129
0.013875      0.782809      0.203428      0.986237
0.014      0.798336      0.203068      1.0014
0.014125      0.813911      0.202707      1.01662
0.01425      0.829519      0.202344      1.03186
0.014375      0.845146      0.20198      1.04713
0.0145      0.86078      0.201615      1.0624
0.014625      0.876407      0.201249      1.07766
0.01475      0.892014      0.200882      1.0929
0.014875      0.90759      0.200514      1.1081
0.015      0.923123      0.200145      1.12327
0.015125      0.9386      0.199775      1.13838
0.01525      0.954012      0.199404      1.15342
0.015375      0.969348      0.199033      1.16838
0.0155      0.984597      0.198661      1.18326
0.015625      0.99975      0.198288      1.19804
0.01575      1.0148      0.197914      1.21271
0.015875      1.02973      0.19754      1.22727
0.016      1.04454      0.197165      1.24171
0.016125      1.05922      0.19679      1.25602
0.01625      1.07377      0.196415      1.27018
0.016375      1.08817      0.196039      1.28421
0.0165      1.10242      0.195664      1.29809
0.016625      1.11652      0.195288      1.31181
0.01675      1.13045      0.194913      1.32537
0.016875      1.14422      0.194537      1.33876
0.017      1.15782      0.194162      1.35198
0.017125      1.17125      0.193787      1.36504
0.01725      1.1845      0.193413      1.37791
0.017375      1.19756      0.193039      1.3906
0.0175      1.21045      0.192666      1.40311
0.017625      1.22315      0.192294      1.41544
0.01775      1.23566      0.191923      1.42758
0.017875      1.24798      0.191552      1.43953
0.018      1.26011      0.191183      1.45129
0.018125      1.27205      0.190814      1.46287
0.01825      1.28381      0.190447      1.47425
0.018375      1.29537      0.190082      1.48545
0.0185      1.30674      0.189717      1.49645
0.018625      1.31791      0.189355      1.50727
0.01875      1.3289      0.188994      1.5179
0.018875      1.33971      0.188634      1.52834
0.019      1.35032      0.188277      1.5386
0.019125      1.36075      0.187921      1.54867
0.01925      1.371      0.187567      1.55856
0.019375      1.38106      0.187216      1.56828
0.0195      1.39095      0.186866      1.57781
0.019625      1.40065      0.186519      1.58717
0.01975      1.41019      0.186174      1.59636
0.019875      1.41955      0.185831      1.60538
0.02      1.42874      0.185491      1.61423
0.020125      1.43777      0.185153      1.62293
0.02025      1.44664      0.184817      1.63146
0.020375      1.45535      0.184485      1.63983
0.0205      1.4639      0.184155      1.64805
0.020625      1.4723      0.183827      1.65612
0.02075      1.48055      0.183503      1.66405
0.020875      1.48865      0.183181      1.67184
0.021      1.49662      0.182862      1.67948
0.021125      1.50445      0.182546      1.68699
0.02125      1.51214      0.182233      1.69438
0.021375      1.51971      0.181923      1.70163
0.0215      1.52715      0.181615      1.70877
0.021625      1.53447      0.181311      1.71578
0.02175      1.54167      0.18101      1.72268
0.021875      1.54876      0.180712      1.72947
0.022      1.55574      0.180417      1.73616
0.022125      1.56262      0.180125      1.74274
0.02225      1.56939      0.179836      1.74923
0.022375      1.57607      0.17955      1.75562
0.0225      1.58266      0.179267      1.76192
0.022625      1.58915      0.178987      1.76814
0.02275      1.59556      0.178711      1.77427
0.022875      1.60189      0.178438      1.78033
0.023      1.60815      0.178167      1.78631
0.023125      1.61433      0.1779      1.79223
0.02325      1.62044      0.177636      1.79808
0.023375      1.62649      0.177375      1.80387
0.0235      1.63248      0.177117      1.80959
0.023625      1.63841      0.176862      1.81527
0.02375      1.64428      0.176611      1.82089
0.023875      1.65011      0.176362      1.82647
0.024      1.65589      0.176116      1.83201
0.024125      1.66163      0.175873      1.83751
0.02425      1.66733      0.175633      1.84297
0.024375      1.673      0.175396      1.8484
0.0245      1.67863      0.175162      1.8538
0.024625      1.68424      0.174931      1.85917
0.02475      1.68982      0.174703      1.86453
0.024875      1.69538      0.174477      1.86986
0.025      1.70093      0.174255      1.87518
0.025125      1.70646      0.174035      1.88049
0.02525      1.71197      0.173817      1.88579
0.025375      1.71748      0.173603      1.89108
0.0255      1.72299      0.173391      1.89638
0.025625      1.72849      0.173182      1.90167
0.02575      1.73399      0.172975      1.90697
0.025875      1.7395      0.17277      1.91227
0.026      1.74501      0.172569      1.91758
0.026125      1.75054      0.172369      1.92291
0.02625      1.75607      0.172172      1.92824
0.026375      1.76162      0.171978      1.9336
0.0265      1.76719      0.171786      1.93898
0.026625      1.77278      0.171596      1.94438
0.02675      1.7784      0.171408      1.9498
0.026875      1.78403      0.171223      1.95526
0.027      1.7897      0.171039      1.96074
0.027125      1.7954      0.170858      1.96626
0.02725      1.80113      0.170679      1.97181
0.027375      1.8069      0.170502      1.9774
0.0275      1.8127      0.170327      1.98303
0.027625      1.81854      0.170153      1.9887
0.02775      1.82443      0.169982      1.99441
0.027875      1.83036      0.169813      2.00017
0.028      1.83634      0.169645      2.00598
0.028125      1.84236      0.169479      2.01184
0.02825      1.84844      0.169315      2.01775
0.028375      1.85457      0.169153      2.02372
0.0285      1.86075      0.168992      2.02974
0.028625      1.86699      0.168833      2.03582
0.02875      1.87329      0.168676      2.04197
0.028875      1.87965      0.16852      2.04817
0.029      1.88607      0.168366      2.05444
0.029125      1.89255      0.168213      2.06077
0.02925      1.89911      0.168061      2.06717
0.029375      1.90572      0.167911      2.07364
0.0295      1.91241      0.167762      2.08017
0.029625      1.91917      0.167615      2.08679
0.02975      1.926      0.167469      2.09347
0.029875      1.93291      0.167324      2.10023
0.03      1.93989      0.167181      2.10707
0.030125      1.94694      0.167038      2.11398
0.03025      1.95408      0.166897      2.12098
0.030375      1.9613      0.166757      2.12805
0.0305      1.9686      0.166618      2.13521
0.030625      1.97598      0.16648      2.14246
0.03075      1.98344      0.166343      2.14979
0.030875      1.991      0.166207      2.1572
0.031      1.99864      0.166072      2.16471
0.031125      2.00637      0.165939      2.1723
0.03125      2.01418      0.165806      2.17999
0.031375      2.02209      0.165674      2.18777
0.0315      2.0301      0.165542      2.19564
0.031625      2.03819      0.165412      2.2036
0.03175      2.04638      0.165283      2.21167
0.031875      2.05467      0.165154      2.21983
0.032      2.06306      0.165026      2.22808
0.032125      2.07154      0.164899      2.23644
0.03225      2.08013      0.164773      2.2449
0.032375      2.08881      0.164647      2.25346
0.0325      2.0976      0.164522      2.26212
0.032625      2.10649      0.164398      2.27089
0.03275      2.11549      0.164275      2.27976
0.032875      2.12459      0.164152      2.28874
0.033      2.1338      0.16403      2.29783
0.033125      2.14312      0.163908      2.30702
0.03325      2.15254      0.163787      2.31633
0.033375      2.16208      0.163667      2.32574
0.0335      2.17172      0.163547      2.33527
0.033625      2.18148      0.163428      2.34491
0.03375      2.19135      0.163309      2.35466
0.033875      2.20133      0.163191      2.36453
0.034      2.21143      0.163073      2.37451
0.034125      2.22165      0.162956      2.3846
0.03425      2.23198      0.162839      2.39482
0.034375      2.24243      0.162723      2.40515
0.0345      2.253      0.162608      2.41561
0.034625      2.26369      0.162492      2.42618
0.03475      2.27449      0.162378      2.43687
0.034875      2.28542      0.162263      2.44768
0.035      2.29647      0.16215      2.45862
0.035125      2.30765      0.162036      2.46968
0.03525      2.31894      0.161923      2.48087
0.035375      2.33036      0.161811      2.49218
0.0355      2.34191      0.161698      2.50361
0.035625      2.35359      0.161587      2.51517
0.03575      2.36539      0.161475      2.52686
0.035875      2.37731      0.161365      2.53868
0.036      2.38937      0.161254      2.55062
0.036125      2.40155      0.161144      2.5627
0.03625      2.41387      0.161034      2.5749
0.036375      2.42631      0.160925      2.58724
0.0365      2.43889      0.160816      2.59971
0.036625      2.4516      0.160707      2.6123
0.03675      2.46444      0.160599      2.62504
0.036875      2.47741      0.160491      2.6379
0.037      2.49052      0.160383      2.6509
0.037125      2.50376      0.160276      2.66404
0.03725      2.51714      0.160169      2.67731
0.037375      2.53065      0.160062      2.69071
0.0375      2.5443      0.159956      2.70426
0.037625      2.55809      0.15985      2.71794
0.03775      2.57201      0.159745      2.73175
0.037875      2.58607      0.159639      2.74571
0.038      2.60027      0.159534      2.7598
0.038125      2.61461      0.15943      2.77403
0.03825      2.62908      0.159326      2.78841
0.038375      2.6437      0.159222      2.80292
0.0385      2.65845      0.159118      2.81757
0.038625      2.67335      0.159015      2.83237
0.03875      2.68839      0.158912      2.8473
0.038875      2.70357      0.158809      2.86238
0.039      2.71889      0.158707      2.8776
0.039125      2.73435      0.158605      2.89296
0.03925      2.74996      0.158504      2.90846
0.039375      2.7657      0.158402      2.92411
0.0395      2.78159      0.158301      2.9399
0.039625      2.79763      0.158201      2.95583
0.03975      2.81381      0.1581      2.97191
0.039875      2.83013      0.158      2.98813
0.04      2.84659      0.1579      3.00449
