0.005      0.161898      0.128819      0.290717
0.0051      0.165613      0.128755      0.294368
0.0052      0.169682      0.12869      0.298371
0.0053      0.174113      0.128624      0.302737
0.0054      0.178917      0.128558      0.307474
0.0055      0.184098      0.128491      0.312589
0.0056      0.189661      0.128423      0.318084
0.0057      0.195608      0.128354      0.323961
0.0058      0.201936      0.128283      0.330219
0.0059      0.208642      0.128211      0.336853
0.006      0.21572      0.128138      0.343857
0.0061      0.223161      0.128062      0.351223
0.0062      0.230955      0.127985      0.35894
0.0063      0.239089      0.127906      0.366994
0.0064      0.247548      0.127824      0.375372
0.0065      0.256317      0.12774      0.384056
0.0066      0.265376      0.127653      0.393029
0.0067      0.274708      0.127563      0.402271
0.0068      0.284292      0.12747      0.411762
0.0069      0.294106      0.127374      0.42148
0.007      0.304128      0.127275      0.431403
0.0071      0.314337      0.127173      0.441509
0.0072      0.324708      0.127067      0.451775
0.0073      0.33522      0.126958      0.462178
0.0074      0.345849      0.126845      0.472694
0.0075      0.356573      0.126728      0.483301
0.0076      0.367368      0.126609      0.493977
0.0077      0.378214      0.126485      0.504699
0.0078      0.389087      0.126358      0.515445
0.0079      0.399969      0.126228      0.526196
0.008      0.410837      0.126094      0.536931
0.0081      0.421674      0.125957      0.547631
0.0082      0.432462      0.125816      0.558278
0.0083      0.443182      0.125673      0.568854
0.0084      0.453819      0.125526      0.579345
0.0085      0.464357      0.125376      0.589733
0.0086      0.474782      0.125224      0.600006
0.0087      0.485081      0.12507      0.610151
0.0088      0.495243      0.124912      0.620155
0.0089      0.505256      0.124753      0.630009
0.009      0.51511      0.124592      0.639702
0.0091      0.524797      0.124429      0.649226
0.0092      0.534308      0.124264      0.658573
0.0093      0.543638      0.124098      0.667736
0.0094      0.55278      0.123931      0.676711
0.0095      0.561729      0.123764      0.685492
0.0096      0.570481      0.123595      0.694076
0.0097      0.579033      0.123426      0.702459
0.0098      0.587383      0.123257      0.71064
0.0099      0.595529      0.123088      0.718617
0.01      0.60347      0.122919      0.726389
0.0101      0.611206      0.122751      0.733957
0.0102      0.618737      0.122583      0.74132
0.0103      0.626064      0.122416      0.748481
0.0104      0.633189      0.122251      0.75544
0.0105      0.640113      0.122087      0.7622
0.0106      0.64684      0.121924      0.768764
0.0107      0.653371      0.121763      0.775134
0.0108      0.659709      0.121604      0.781314
0.0109      0.66586      0.121447      0.787307
0.011      0.671825      0.121293      0.793118
0.0111      0.67761      0.121141      0.798751
0.0112      0.683218      0.120991      0.804209
0.0113      0.688655      0.120844      0.809499
0.0114      0.693924      0.1207      0.814623
0.0115      0.69903      0.120558      0.819589
0.0116      0.703979      0.12042      0.824399
0.0117      0.708775      0.120285      0.82906
0.0118      0.713424      0.120153      0.833577
0.0119      0.71793      0.120025      0.837954
0.012      0.722298      0.119899      0.842198
0.0121      0.726535      0.119778      0.846312
0.0122      0.730644      0.119659      0.850303
0.0123      0.734631      0.119545      0.854176
0.0124      0.738502      0.119433      0.857935
0.0125      0.742261      0.119326      0.861586
0.0126      0.745913      0.119222      0.865134
0.0127      0.749463      0.119121      0.868584
0.0128      0.752916      0.119024      0.87194
0.0129      0.756277      0.118931      0.875208
0.013      0.75955      0.118841      0.878391
0.0131      0.76274      0.118755      0.881495
0.0132      0.765852      0.118672      0.884524
0.0133      0.76889      0.118593      0.887483
0.0134      0.771858      0.118518      0.890376
0.0135      0.77476      0.118446      0.893206
0.0136      0.777601      0.118377      0.895978
0.0137      0.780384      0.118311      0.898696
0.0138      0.783114      0.118249      0.901363
0.0139      0.785794      0.11819      0.903984
0.014      0.788427      0.118134      0.906561
0.0141      0.791017      0.118082      0.909099
0.0142      0.793568      0.118032      0.9116
0.0143      0.796083      0.117985      0.914068
0.0144      0.798565      0.117941      0.916506
0.0145      0.801016      0.117901      0.918917
0.0146      0.803441      0.117862      0.921303
0.0147      0.805841      0.117827      0.923668
0.0148      0.80822      0.117794      0.926014
0.0149      0.810579      0.117763      0.928343
0.015      0.812923      0.117736      0.930658
0.0151      0.815252      0.11771      0.932962
0.0152      0.81757      0.117687      0.935256
0.0153      0.819878      0.117666      0.937544
0.0154      0.822179      0.117647      0.939826
0.0155      0.824474      0.11763      0.942104
0.0156      0.826766      0.117615      0.944382
0.0157      0.829057      0.117603      0.946659
0.0158      0.831348      0.117592      0.948939
0.0159      0.83364      0.117582      0.951223
0.016      0.835937      0.117575      0.953512
0.0161      0.838238      0.117569      0.955807
0.0162      0.840546      0.117565      0.958111
0.0163      0.842862      0.117562      0.960425
0.0164      0.845188      0.117561      0.962749
0.0165      0.847524      0.117561      0.965085
0.0166      0.849872      0.117563      0.967434
0.0167      0.852233      0.117566      0.969798
0.0168      0.854608      0.11757      0.972177
0.0169      0.856998      0.117575      0.974573
0.017      0.859404      0.117581      0.976985
0.0171      0.861828      0.117588      0.979416
0.0172      0.864269      0.117597      0.981866
0.0173      0.86673      0.117606      0.984336
0.0174      0.86921      0.117616      0.986826
0.0175      0.87171      0.117628      0.989338
0.0176      0.874232      0.11764      0.991872
0.0177      0.876776      0.117652      0.994428
0.0178      0.879343      0.117666      0.997008
0.0179      0.881932      0.11768      0.999612
0.018      0.884546      0.117695      1.00224
0.0181      0.887184      0.11771      1.00489
0.0182      0.889848      0.117726      1.00757
0.0183      0.892537      0.117743      1.01028
0.0184      0.895252      0.11776      1.01301
0.0185      0.897993      0.117778      1.01577
0.0186      0.900762      0.117796      1.01856
0.0187      0.903559      0.117815      1.02137
0.0188      0.906383      0.117834      1.02422
0.0189      0.909236      0.117853      1.02709
0.019      0.912118      0.117873      1.02999
0.0191      0.91503      0.117893      1.03292
0.0192      0.917971      0.117914      1.03588
0.0193      0.920942      0.117935      1.03888
0.0194      0.923944      0.117956      1.0419
0.0195      0.926977      0.117977      1.04495
0.0196      0.930041      0.117999      1.04804
0.0197      0.933137      0.118021      1.05116
0.0198      0.936265      0.118043      1.05431
0.0199      0.939426      0.118065      1.05749
0.02      0.942619      0.118088      1.06071
0.0201      0.945846      0.118111      1.06396
0.0202      0.949106      0.118133      1.06724
0.0203      0.9524      0.118157      1.07056
0.0204      0.955728      0.11818      1.07391
0.0205      0.959091      0.118203      1.07729
0.0206      0.96249      0.118226      1.08072
0.0207      0.965923      0.11825      1.08417
0.0208      0.969393      0.118273      1.08767
0.0209      0.972898      0.118297      1.0912
0.021      0.976441      0.118321      1.09476
0.0211      0.98002      0.118345      1.09836
0.0212      0.983637      0.118368      1.10201
0.0213      0.987292      0.118392      1.10568
0.0214      0.990985      0.118416      1.1094
0.0215      0.994717      0.11844      1.11316
0.0216      0.998488      0.118464      1.11695
0.0217      1.0023      0.118488      1.12079
0.0218      1.00615      0.118512      1.12466
0.0219      1.01004      0.118536      1.12858
0.022      1.01397      0.118559      1.13253
0.0221      1.01795      0.118583      1.13653
0.0222      1.02196      0.118607      1.14057
0.0223      1.02602      0.118631      1.14465
0.0224      1.03012      0.118654      1.14877
0.0225      1.03426      0.118678      1.15294
0.0226      1.03845      0.118701      1.15715
0.0227      1.04269      0.118724      1.16141
0.0228      1.04696      0.118747      1.16571
0.0229      1.05129      0.11877      1.17006
0.023      1.05566      0.118793      1.17445
0.0231      1.06007      0.118816      1.17889
0.0232      1.06454      0.118838      1.18338
0.0233      1.06905      0.118861      1.18791
0.0234      1.07361      0.118883      1.19249
0.0235      1.07822      0.118905      1.19713
0.0236      1.08288      0.118926      1.20181
0.0237      1.08759      0.118948      1.20654
0.0238      1.09235      0.118969      1.21132
0.0239      1.09716      0.11899      1.21615
0.024      1.10203      0.119011      1.22104
0.0241      1.10695      0.119031      1.22598
0.0242      1.11192      0.119051      1.23097
0.0243      1.11694      0.119071      1.23602
0.0244      1.12203      0.119091      1.24112
0.0245      1.12716      0.11911      1.24627
0.0246      1.13236      0.119129      1.25148
0.0247      1.13761      0.119148      1.25675
0.0248      1.14291      0.119166      1.26208
0.0249      1.14828      0.119184      1.26746
0.025      1.15371      0.119201      1.27291
