0.01      0.422607      0.250069      0.672676
0.010125      0.427665      0.249498      0.677163
0.01025      0.432939      0.248897      0.681837
0.010375      0.43844      0.248272      0.686712
0.0105      0.444179      0.247626      0.691804
0.010625      0.450163      0.246963      0.697126
0.01075      0.456402      0.246288      0.70269
0.010875      0.462902      0.245606      0.708508
0.011      0.469672      0.24492      0.714592
0.011125      0.476715      0.244234      0.72095
0.01125      0.484038      0.243553      0.727591
0.011375      0.491643      0.24288      0.734523
0.0115      0.499533      0.242218      0.741751
0.011625      0.50771      0.241571      0.74928
0.01175      0.516174      0.240939      0.757113
0.011875      0.524925      0.240327      0.765252
0.012      0.533962      0.239735      0.773698
0.012125      0.543283      0.239166      0.782449
0.01225      0.552885      0.23862      0.791505
0.012375      0.562763      0.238099      0.800862
0.0125      0.572915      0.237602      0.810517
0.012625      0.583334      0.237131      0.820465
0.01275      0.594016      0.236684      0.8307
0.012875      0.604953      0.236262      0.841215
0.013      0.61614      0.235863      0.852003
0.013125      0.627569      0.235488      0.863056
0.01325      0.639232      0.235134      0.874366
0.013375      0.651121      0.234802      0.885923
0.0135      0.663229      0.234488      0.897717
0.013625      0.675547      0.234193      0.90974
0.01375      0.688065      0.233914      0.921979
0.013875      0.700777      0.233649      0.934426
0.014      0.713671      0.233397      0.947068
0.014125      0.72674      0.233156      0.959896
0.01425      0.739974      0.232925      0.972899
0.014375      0.753365      0.2327      0.986065
0.0145      0.766902      0.232481      0.999383
0.014625      0.780577      0.232266      1.01284
0.01475      0.794381      0.232052      1.02643
0.014875      0.808306      0.231839      1.04015
0.015      0.822341      0.231625      1.05397
0.015125      0.836479      0.231408      1.06789
0.01525      0.850711      0.231186      1.0819
0.015375      0.865028      0.230958      1.09599
0.0155      0.879423      0.230724      1.11015
0.015625      0.893886      0.230481      1.12437
0.01575      0.90841      0.230229      1.13864
0.015875      0.922988      0.229966      1.15295
0.016      0.937612      0.229693      1.1673
0.016125      0.952274      0.229408      1.18168
0.01625      0.966967      0.22911      1.19608
0.016375      0.981684      0.228799      1.21048
0.0165      0.996418      0.228475      1.22489
0.016625      1.01116      0.228137      1.2393
0.01675      1.02591      0.227785      1.2537
0.016875      1.04066      0.227419      1.26808
0.017      1.0554      0.227039      1.28244
0.017125      1.07013      0.226644      1.29677
0.01725      1.08483      0.226236      1.31107
0.017375      1.09952      0.225814      1.32533
0.0175      1.11417      0.225379      1.33955
0.017625      1.12878      0.224931      1.35372
0.01775      1.14336      0.22447      1.36783
0.017875      1.15789      0.223997      1.38189
0.018      1.17238      0.223513      1.39589
0.018125      1.18681      0.223017      1.40983
0.01825      1.20118      0.222511      1.42369
0.018375      1.21549      0.221996      1.43749
0.0185      1.22974      0.221471      1.45121
0.018625      1.24392      0.220938      1.46486
0.01875      1.25802      0.220398      1.47842
0.018875      1.27205      0.219851      1.49191
0.019      1.28601      0.219298      1.5053
0.019125      1.29988      0.21874      1.51862
0.01925      1.31366      0.218177      1.53184
0.019375      1.32736      0.217611      1.54497
0.0195      1.34097      0.217042      1.55801
0.019625      1.35449      0.216471      1.57096
0.01975      1.36791      0.215899      1.58381
0.019875      1.38124      0.215326      1.59657
0.02      1.39447      0.214754      1.60923
0.020125      1.4076      0.214182      1.62179
0.02025      1.42063      0.213612      1.63424
0.020375      1.43356      0.213045      1.6466
0.0205      1.44638      0.212481      1.65886
0.020625      1.4591      0.21192      1.67102
0.02075      1.47171      0.211364      1.68307
0.020875      1.48421      0.210812      1.69502
0.021      1.4966      0.210266      1.70687
0.021125      1.50889      0.209726      1.71862
0.02125      1.52107      0.209192      1.73026
0.021375      1.53313      0.208665      1.7418
0.0215      1.54509      0.208146      1.75323
0.021625      1.55693      0.207634      1.76456
0.02175      1.56866      0.20713      1.77579
0.021875      1.58028      0.206635      1.78692
0.022      1.59179      0.206148      1.79794
0.022125      1.60319      0.20567      1.80886
0.02225      1.61448      0.205202      1.81969
0.022375      1.62566      0.204743      1.83041
0.0225      1.63673      0.204294      1.84103
0.022625      1.64769      0.203854      1.85155
0.02275      1.65854      0.203424      1.86197
0.022875      1.66929      0.203004      1.87229
0.023      1.67992      0.202594      1.88252
0.023125      1.69045      0.202195      1.89265
0.02325      1.70088      0.201805      1.90268
0.023375      1.7112      0.201425      1.91263
0.0235      1.72142      0.201056      1.92247
0.023625      1.73154      0.200696      1.93223
0.02375      1.74155      0.200346      1.9419
0.023875      1.75147      0.200006      1.95148
0.024      1.76129      0.199676      1.96097
0.024125      1.77101      0.199355      1.97037
0.02425      1.78064      0.199044      1.97969
0.024375      1.79018      0.198742      1.98892
0.0245      1.79962      0.198449      1.99807
0.024625      1.80898      0.198165      2.00714
0.02475      1.81825      0.197889      2.01614
0.024875      1.82743      0.197622      2.02505
0.025      1.83653      0.197363      2.03389
0.025125      1.84555      0.197112      2.04266
0.02525      1.85448      0.196869      2.05135
0.025375      1.86334      0.196633      2.05997
0.0255      1.87212      0.196405      2.06853
0.025625      1.88083      0.196183      2.07701
0.02575      1.88947      0.195968      2.08544
0.025875      1.89803      0.19576      2.09379
0.026      1.90653      0.195557      2.10209
0.026125      1.91497      0.195361      2.11033
0.02625      1.92334      0.19517      2.11851
0.026375      1.93165      0.194984      2.12664
0.0265      1.9399      0.194804      2.13471
0.026625      1.9481      0.194628      2.14273
0.02675      1.95625      0.194456      2.1507
0.026875      1.96434      0.194289      2.15863
0.027      1.97238      0.194126      2.16651
0.027125      1.98038      0.193966      2.17434
0.02725      1.98833      0.19381      2.18214
0.027375      1.99624      0.193657      2.1899
0.0275      2.00411      0.193507      2.19762
0.027625      2.01194      0.193359      2.2053
0.02775      2.01974      0.193214      2.21296
0.027875      2.02751      0.193071      2.22058
0.028      2.03525      0.19293      2.22818
0.028125      2.04296      0.19279      2.23575
0.02825      2.05065      0.192652      2.2433
0.028375      2.05831      0.192516      2.25082
0.0285      2.06595      0.19238      2.25833
0.028625      2.07358      0.192245      2.26582
0.02875      2.08119      0.192111      2.2733
0.028875      2.08879      0.191977      2.28076
0.029      2.09637      0.191844      2.28822
0.029125      2.10395      0.191711      2.29566
0.02925      2.11153      0.191577      2.3031
0.029375      2.1191      0.191444      2.31054
0.0295      2.12666      0.19131      2.31797
0.029625      2.13424      0.191176      2.32541
0.02975      2.14181      0.191041      2.33285
0.029875      2.14939      0.190905      2.34029
0.03      2.15698      0.190768      2.34775
0.030125      2.16458      0.190631      2.35521
0.03025      2.17219      0.190492      2.36268
0.030375      2.17982      0.190353      2.37017
0.0305      2.18746      0.190212      2.37767
0.030625      2.19512      0.19007      2.38519
0.03075      2.20281      0.189926      2.39274
0.030875      2.21052      0.189781      2.4003
0.031      2.21825      0.189635      2.40789
0.031125      2.22602      0.189487      2.4155
0.03125      2.23381      0.189337      2.42315
0.031375      2.24164      0.189186      2.43082
0.0315      2.2495      0.189033      2.43853
0.031625      2.25739      0.188878      2.44627
0.03175      2.26533      0.188722      2.45405
0.031875      2.27331      0.188564      2.46187
0.032      2.28132      0.188404      2.46973
0.032125      2.28939      0.188242      2.47763
0.03225      2.2975      0.188079      2.48557
0.032375      2.30565      0.187914      2.49357
0.0325      2.31386      0.187747      2.50161
0.032625      2.32212      0.187578      2.5097
0.03275      2.33043      0.187408      2.51784
0.032875      2.3388      0.187236      2.52604
0.033      2.34723      0.187063      2.53429
0.033125      2.35571      0.186888      2.5426
0.03325      2.36426      0.186711      2.55097
0.033375      2.37287      0.186533      2.5594
0.0335      2.38155      0.186353      2.5679
0.033625      2.39029      0.186172      2.57646
0.03375      2.39909      0.18599      2.58508
0.033875      2.40797      0.185806      2.59378
0.034      2.41692      0.18562      2.60254
0.034125      2.42594      0.185434      2.61138
0.03425      2.43504      0.185246      2.62028
0.034375      2.44421      0.185057      2.62927
0.0345      2.45346      0.184867      2.63832
0.034625      2.46278      0.184676      2.64746
0.03475      2.47219      0.184484      2.65668
0.034875      2.48168      0.184292      2.66597
0.035      2.49125      0.184098      2.67535
0.035125      2.50091      0.183903      2.68481
0.03525      2.51065      0.183708      2.69436
0.035375      2.52048      0.183512      2.70399
0.0355      2.5304      0.183316      2.71371
0.035625      2.54041      0.183119      2.72353
0.03575      2.55051      0.182922      2.73343
0.035875      2.5607      0.182724      2.74342
0.036      2.57098      0.182526      2.75351
0.036125      2.58136      0.182328      2.76369
0.03625      2.59184      0.182129      2.77397
0.036375      2.60241      0.181931      2.78434
0.0365      2.61308      0.181732      2.79481
0.036625      2.62385      0.181533      2.80539
0.03675      2.63473      0.181335      2.81606
0.036875      2.6457      0.181136      2.82683
0.037      2.65677      0.180938      2.83771
0.037125      2.66795      0.18074      2.84869
0.03725      2.67924      0.180542      2.85978
0.037375      2.69063      0.180345      2.87097
0.0375      2.70212      0.180148      2.88227
0.037625      2.71373      0.179952      2.89368
0.03775      2.72544      0.179756      2.90519
0.037875      2.73726      0.179561      2.91682
0.038      2.74919      0.179366      2.92856
0.038125      2.76124      0.179172      2.94041
0.03825      2.77339      0.178979      2.95237
0.038375      2.78566      0.178786      2.96444
0.0385      2.79804      0.178595      2.97663
0.038625      2.81053      0.178404      2.98894
0.03875      2.82314      0.178215      3.00136
0.038875      2.83587      0.178026      3.0139
0.039      2.84871      0.177838      3.02655
0.039125      2.86167      0.177651      3.03932
0.03925      2.87475      0.177466      3.05221
0.039375      2.88794      0.177281      3.06522
0.0395      2.90126      0.177098      3.07835
0.039625      2.91469      0.176916      3.09161
0.03975      2.92824      0.176735      3.10498
0.039875      2.94192      0.176555      3.11847
0.04      2.95571      0.176377      3.13209
0.04      2.95571      0.176377      3.13209
