0.0001      0.00407754      0.00494108      0.00901862
0.0001095      0.00404348      0.00498084      0.00902432
0.000119      0.00401952      0.0050205      0.00904002
0.0001285      0.00401299      0.00506005      0.00907305
0.000138      0.00403396      0.00509951      0.00913347
0.0001475      0.00409486      0.00513884      0.00923371
0.000157      0.0042095      0.00517801      0.00938751
0.0001665      0.00439157      0.00521692      0.0096085
0.000176      0.00465307      0.00525549      0.00990856
0.0001855      0.00500282      0.00529358      0.0102964
0.000195      0.0054455      0.00533103      0.0107765
0.0002045      0.00598116      0.00536767      0.0113488
0.000214      0.00660531      0.0054033      0.0120086
0.0002235      0.00730947      0.00543773      0.0127472
0.000233      0.00808201      0.0054708      0.0135528
0.0002425      0.00890913      0.00550236      0.0144115
0.000252      0.00977594      0.00553233      0.0153083
0.0002615      0.0106673      0.00556064      0.016228
0.000271      0.0115688      0.00558733      0.0171562
0.0002805      0.0124672      0.00561245      0.0180796
0.00029      0.0133506      0.00563612      0.0189867
0.0002995      0.0142093      0.00565853      0.0198678
0.000309      0.0150354      0.00567987      0.0207152
0.0003185      0.0158228      0.00570039      0.0215232
0.000328      0.0165673      0.00572035      0.0222876
0.0003375      0.0172662      0.00574001      0.0230062
0.000347      0.0179183      0.00575964      0.023678
0.0003565      0.0185236      0.00577948      0.0243031
0.000366      0.0190829      0.00579979      0.0248827
0.0003755      0.0195978      0.00582075      0.0254186
0.000385      0.0200706      0.00584258      0.0259131
0.0003945      0.0205038      0.00586541      0.0263692
0.000404      0.0209003      0.00588938      0.0267897
0.0004135      0.0212632      0.00591459      0.0271778
0.000423      0.0215955      0.00594109      0.0275366
0.0004325      0.0219002      0.00596894      0.0278692
0.000442      0.0221804      0.00599815      0.0281785
0.0004515      0.0224388      0.00602871      0.0284675
0.000461      0.0226782      0.0060606      0.0287388
0.0004705      0.022901      0.00609379      0.0289948
0.00048      0.0231095      0.00612822      0.0292377
0.0004895      0.0233058      0.00616383      0.0294697
0.000499      0.0234919      0.00620057      0.0296924
0.0005085      0.0236693      0.00623835      0.0299077
0.000518      0.0238397      0.00627711      0.0301168
0.0005275      0.0240043      0.00631677      0.0303211
0.000537      0.0241643      0.00635727      0.0305216
0.0005465      0.0243207      0.00639854      0.0307193
0.000556      0.0244743      0.00644052      0.0309149
0.0005655      0.0246259      0.00648313      0.031109
0.000575      0.024776      0.00652634      0.0313023
0.0005845      0.024925      0.00657008      0.0314951
0.000594      0.0250734      0.00661431      0.0316878
0.0006035      0.0252215      0.00665899      0.0318805
0.000613      0.0253695      0.00670408      0.0320736
0.0006225      0.0255175      0.00674955      0.0322671
0.000632      0.0256657      0.00679535      0.032461
0.0006415      0.025814      0.00684148      0.0326554
0.000651      0.0259625      0.00688789      0.0328504
0.0006605      0.0261112      0.00693458      0.0330457
0.00067      0.02626      0.00698151      0.0332415
0.0006795      0.0264089      0.00702867      0.0334376
0.000689      0.0265578      0.00707604      0.0336339
0.0006985      0.0267067      0.00712359      0.0338303
0.000708      0.0268554      0.00717132      0.0340267
0.0007175      0.0270039      0.0072192      0.0342231
0.000727      0.0271521      0.00726722      0.0344193
0.0007365      0.0272999      0.00731535      0.0346152
0.000746      0.0274472      0.00736358      0.0348108
0.0007555      0.0275941      0.00741189      0.035006
0.000765      0.0277404      0.00746025      0.0352006
0.0007745      0.0278861      0.00750865      0.0353947
0.000784      0.0280312      0.00755707      0.0355883
0.0007935      0.0281757      0.00760547      0.0357811
0.000803      0.0283195      0.00765385      0.0359734
0.0008125      0.0284627      0.00770218      0.0361649
0.000822      0.0286054      0.00775044      0.0363558
0.0008315      0.0287474      0.0077986      0.036546
0.000841      0.0288889      0.00784664      0.0367355
0.0008505      0.0290299      0.00789453      0.0369245
0.00086      0.0291705      0.00794227      0.0371128
0.0008695      0.0293108      0.00798982      0.0373006
0.000879      0.0294507      0.00803716      0.0374879
0.0008885      0.0295904      0.00808428      0.0376747
0.000898      0.02973      0.00813115      0.0378612
0.0009075      0.0298696      0.00817777      0.0380473
0.000917      0.0300092      0.0082241      0.0382333
0.0009265      0.0301489      0.00827013      0.0384191
0.000936      0.0302889      0.00831586      0.0386048
0.0009455      0.0304293      0.00836127      0.0387905
0.000955      0.03057      0.00840634      0.0389764
0.0009645      0.0307114      0.00845107      0.0391624
0.000974      0.0308533      0.00849544      0.0393487
0.0009835      0.030996      0.00853946      0.0395354
0.000993      0.0311395      0.00858311      0.0397226
0.0010025      0.0312839      0.00862639      0.0399103
0.001012      0.0314294      0.0086693      0.0400987
0.0010215      0.031576      0.00871183      0.0402878
0.001031      0.0317237      0.00875399      0.0404777
0.0010405      0.0318727      0.00879578      0.0406685
0.00105      0.0320231      0.0088372      0.0408603
0.0010595      0.0321748      0.00887826      0.0410531
0.001069      0.0323281      0.00891895      0.041247
0.0010785      0.0324829      0.00895929      0.0414422
0.001088      0.0326393      0.00899929      0.0416385
0.0010975      0.0327973      0.00903894      0.0418363
0.001107      0.0329571      0.00907827      0.0420354
0.0011165      0.0331186      0.00911728      0.0422359
0.001126      0.0332819      0.00915598      0.0424379
0.0011355      0.0334471      0.00919437      0.0426414
0.001145      0.0336141      0.00923249      0.0428466
0.0011545      0.033783      0.00927032      0.0430533
0.001164      0.0339538      0.0093079      0.0432617
0.0011735      0.0341265      0.00934522      0.0434717
0.001183      0.0343011      0.00938231      0.0436834
0.0011925      0.0344777      0.00941917      0.0438969
0.001202      0.0346563      0.00945582      0.0441121
0.0012115      0.0348368      0.00949228      0.0443291
0.001221      0.0350192      0.00952854      0.0445478
0.0012305      0.0352036      0.00956464      0.0447683
0.00124      0.0353899      0.00960057      0.0449905
0.0012495      0.0355782      0.00963635      0.0452145
0.001259      0.0357683      0.009672      0.0454403
0.0012685      0.0359603      0.00970752      0.0456679
0.001278      0.0361542      0.00974293      0.0458972
0.0012875      0.03635      0.00977823      0.0461282
0.001297      0.0365475      0.00981345      0.0463609
0.0013065      0.0367468      0.00984858      0.0465954
0.001316      0.0369479      0.00988364      0.0468315
0.0013255      0.0371507      0.00991863      0.0470693
0.001335      0.0373551      0.00995357      0.0473087
0.0013445      0.0375613      0.00998846      0.0475497
0.001354      0.037769      0.0100233      0.0477923
0.0013635      0.0379783      0.0100581      0.0480364
0.001373      0.0381892      0.0100929      0.0482821
0.0013825      0.0384015      0.0101277      0.0485292
0.001392      0.0386153      0.0101625      0.0487777
0.0014015      0.0388305      0.0101972      0.0490277
0.001411      0.039047      0.010232      0.049279
0.0014205      0.0392649      0.0102667      0.0495316
0.00143      0.0394841      0.0103015      0.0497856
0.0014395      0.0397045      0.0103362      0.0500407
0.001449      0.0399261      0.010371      0.0502971
0.0014585      0.0401489      0.0104057      0.0505546
0.001468      0.0403727      0.0104405      0.0508132
0.0014775      0.0405977      0.0104753      0.051073
0.001487      0.0408236      0.0105101      0.0513337
0.0014965      0.0410505      0.0105449      0.0515954
0.001506      0.0412783      0.0105798      0.0518581
0.0015155      0.041507      0.0106146      0.0521216
0.001525      0.0417366      0.0106495      0.0523861
0.0015345      0.041967      0.0106843      0.0526513
0.001544      0.0421981      0.0107192      0.0529173
0.0015535      0.0424299      0.0107541      0.053184
0.001563      0.0426624      0.010789      0.0534514
0.0015725      0.0428956      0.0108239      0.0537195
0.001582      0.0431293      0.0108588      0.0539881
0.0015915      0.0433636      0.0108937      0.0542573
0.001601      0.0435985      0.0109286      0.0545271
0.0016105      0.0438338      0.0109635      0.0547973
0.00162      0.0440695      0.0109984      0.0550679
0.0016295      0.0443057      0.0110333      0.0553389
0.001639      0.0445422      0.0110681      0.0556103
0.0016485      0.0447791      0.011103      0.0558821
0.001658      0.0450163      0.0111378      0.0561541
0.0016675      0.0452537      0.0111726      0.0564263
0.001677      0.0454914      0.0112074      0.0566988
0.0016865      0.0457293      0.0112422      0.0569715
0.001696      0.0459674      0.0112769      0.0572443
0.0017055      0.0462056      0.0113116      0.0575172
0.001715      0.0464439      0.0113462      0.0577902
0.0017245      0.0466824      0.0113808      0.0580632
0.001734      0.0469209      0.0114154      0.0583363
0.0017435      0.0471594      0.0114499      0.0586094
0.001753      0.047398      0.0114844      0.0588824
0.0017625      0.0476366      0.0115188      0.0591554
0.001772      0.0478751      0.0115532      0.0594282
0.0017815      0.0481135      0.0115875      0.059701
0.001791      0.0483519      0.0116217      0.0599736
0.0018005      0.0485902      0.0116559      0.0602461
0.00181      0.0488284      0.01169      0.0605184
0.0018195      0.0490664      0.011724      0.0607904
0.001829      0.0493043      0.011758      0.0610622
0.0018385      0.0495419      0.0117919      0.0613338
0.001848      0.0497794      0.0118257      0.0616051
0.0018575      0.0500167      0.0118594      0.0618762
0.001867      0.0502538      0.0118931      0.0621469
0.0018765      0.0504906      0.0119267      0.0624173
0.001886      0.0507272      0.0119602      0.0626873
0.0018955      0.0509634      0.0119936      0.062957
0.001905      0.0511994      0.0120269      0.0632263
0.0019145      0.0514352      0.0120601      0.0634953
0.001924      0.0516706      0.0120933      0.0637638
0.0019335      0.0519057      0.0121263      0.064032
0.001943      0.0521404      0.0121593      0.0642997
0.0019525      0.0523748      0.0121921      0.064567
0.001962      0.0526089      0.0122249      0.0648338
0.0019715      0.0528426      0.0122576      0.0651002
0.001981      0.053076      0.0122902      0.0653662
0.0019905      0.053309      0.0123227      0.0656317
0.002      0.0535416      0.0123551      0.0658967
