0.0001      0.00859056      0.00941375      0.0180043
0.0001095      0.00854986      0.0094511      0.018001
0.000119      0.00851023      0.0094881      0.0179983
0.0001285      0.00847247      0.00952502      0.0179975
0.000138      0.00843729      0.00956202      0.0179993
0.0001475      0.00840524      0.00959913      0.0180044
0.000157      0.00837667      0.00963631      0.018013
0.0001665      0.00835169      0.00967351      0.0180252
0.000176      0.00833013      0.00971069      0.0180408
0.0001855      0.0083116      0.00974784      0.0180594
0.000195      0.00829559      0.00978494      0.0180805
0.0002045      0.00828161      0.00982201      0.0181036
0.000214      0.00826937      0.00985905      0.0181284
0.0002235      0.00825893      0.00989606      0.018155
0.000233      0.00825083      0.00993306      0.0181839
0.0002425      0.00824616      0.00997002      0.0182162
0.000252      0.00824661      0.0100069      0.0182536
0.0002615      0.00825444      0.0100438      0.0182983
0.000271      0.00827247      0.0100806      0.0183531
0.0002805      0.00830395      0.0101173      0.0184213
0.00029      0.00835251      0.010154      0.0185065
0.0002995      0.00842196      0.0101905      0.0186125
0.000309      0.00851625      0.0102269      0.0187432
0.0003185      0.00863928      0.0102633      0.0189025
0.000328      0.0087948      0.0102995      0.0190943
0.0003375      0.0089863      0.0103355      0.0193218
0.000347      0.00921689      0.0103715      0.0195883
0.0003565      0.00948923      0.0104072      0.0198964
0.000366      0.00980546      0.0104428      0.0202482
0.0003755      0.0101672      0.0104781      0.0206453
0.000385      0.0105753      0.0105133      0.0210886
0.0003945      0.0110303      0.0105481      0.0215784
0.000404      0.0115319      0.0105826      0.0221145
0.0004135      0.0120792      0.0106168      0.022696
0.000423      0.0126711      0.0106506      0.0233216
0.0004325      0.0133055      0.0106839      0.0239894
0.000442      0.0139802      0.0107167      0.024697
0.0004515      0.0146926      0.0107491      0.0254416
0.000461      0.0154395      0.0107808      0.0262203
0.0004705      0.0162178      0.010812      0.0270297
0.00048      0.0170238      0.0108425      0.0278663
0.0004895      0.017854      0.0108723      0.0287264
0.000499      0.0187047      0.0109015      0.0296062
0.0005085      0.0195722      0.0109299      0.0305021
0.000518      0.0204526      0.0109576      0.0314102
0.0005275      0.0213424      0.0109846      0.032327
0.000537      0.022238      0.0110108      0.0332488
0.0005465      0.023136      0.0110364      0.0341724
0.000556      0.0240333      0.0110612      0.0350944
0.0005655      0.0249266      0.0110852      0.0360119
0.000575      0.0258133      0.0111087      0.036922
0.0005845      0.0266907      0.0111314      0.0378221
0.000594      0.0275565      0.0111535      0.03871
0.0006035      0.0284084      0.0111751      0.0395835
0.000613      0.0292447      0.0111961      0.0404407
0.0006225      0.0300635      0.0112165      0.0412801
0.000632      0.0308636      0.0112366      0.0421002
0.0006415      0.0316436      0.0112562      0.0428998
0.000651      0.0324025      0.0112755      0.043678
0.0006605      0.0331395      0.0112944      0.044434
0.00067      0.0338541      0.0113132      0.0451673
0.0006795      0.0345457      0.0113317      0.0458774
0.000689      0.035214      0.0113501      0.0465641
0.0006985      0.035859      0.0113684      0.0472274
0.000708      0.0364806      0.0113867      0.0478673
0.0007175      0.0370789      0.011405      0.0484839
0.000727      0.0376542      0.0114233      0.0490776
0.0007365      0.0382068      0.0114418      0.0496487
0.000746      0.0387371      0.0114605      0.0501976
0.0007555      0.0392457      0.0114794      0.0507251
0.000765      0.039733      0.0114985      0.0512315
0.0007745      0.0401997      0.011518      0.0517176
0.000784      0.0406464      0.0115378      0.0521841
0.0007935      0.0410738      0.0115579      0.0526317
0.000803      0.0414827      0.0115785      0.0530612
0.0008125      0.0418738      0.0115994      0.0534733
0.000822      0.0422479      0.0116209      0.0538687
0.0008315      0.0426056      0.0116428      0.0542484
0.000841      0.0429478      0.0116652      0.0546131
0.0008505      0.0432753      0.0116882      0.0549635
0.00086      0.0435889      0.0117117      0.0553005
0.0008695      0.0438891      0.0117357      0.0556248
0.000879      0.0441769      0.0117603      0.0559372
0.0008885      0.044453      0.0117854      0.0562384
0.000898      0.044718      0.0118111      0.0565291
0.0009075      0.0449726      0.0118374      0.05681
0.000917      0.0452176      0.0118643      0.0570818
0.0009265      0.0454535      0.0118917      0.0573452
0.000936      0.045681      0.0119197      0.0576007
0.0009455      0.0459007      0.0119482      0.0578489
0.000955      0.0461132      0.0119773      0.0580905
0.0009645      0.0463189      0.012007      0.0583259
0.000974      0.0465185      0.0120372      0.0585557
0.0009835      0.0467125      0.0120679      0.0587804
0.000993      0.0469012      0.0120991      0.0590004
0.0010025      0.0470853      0.0121309      0.0592161
0.001012      0.047265      0.0121631      0.0594281
0.0010215      0.0474408      0.0121958      0.0596366
0.001031      0.0476131      0.012229      0.0598421
0.0010405      0.0477821      0.0122627      0.0600448
0.00105      0.0479484      0.0122968      0.0602452
0.0010595      0.0481121      0.0123313      0.0604434
0.001069      0.0482736      0.0123663      0.0606398
0.0010785      0.048433      0.0124016      0.0608346
0.001088      0.0485908      0.0124373      0.0610281
0.0010975      0.048747      0.0124734      0.0612205
0.001107      0.048902      0.0125099      0.0614119
0.0011165      0.0490559      0.0125467      0.0616026
0.001126      0.0492089      0.0125839      0.0617927
0.0011355      0.0493611      0.0126213      0.0619824
0.001145      0.0495127      0.0126591      0.0621718
0.0011545      0.0496639      0.0126972      0.062361
0.001164      0.0498147      0.0127355      0.0625502
0.0011735      0.0499653      0.0127741      0.0627394
0.001183      0.0501157      0.012813      0.0629287
0.0011925      0.0502661      0.0128521      0.0631182
0.001202      0.0504165      0.0128915      0.063308
0.0012115      0.050567      0.0129311      0.0634981
0.001221      0.0507177      0.0129709      0.0636886
0.0012305      0.0508686      0.0130109      0.0638795
0.00124      0.0510197      0.0130512      0.0640708
0.0012495      0.051171      0.0130916      0.0642626
0.001259      0.0513227      0.0131322      0.0644549
0.0012685      0.0514747      0.013173      0.0646477
0.001278      0.0516271      0.0132139      0.064841
0.0012875      0.0517798      0.013255      0.0650348
0.001297      0.0519328      0.0132963      0.0652291
0.0013065      0.0520862      0.0133377      0.0654239
0.001316      0.05224      0.0133793      0.0656193
0.0013255      0.0523941      0.013421      0.0658151
0.001335      0.0525485      0.0134628      0.0660114
0.0013445      0.0527033      0.0135048      0.0662081
0.001354      0.0528584      0.0135469      0.0664053
0.0013635      0.0530138      0.0135891      0.0666029
0.001373      0.0531695      0.0136314      0.0668009
0.0013825      0.0533255      0.0136738      0.0669993
0.001392      0.0534817      0.0137163      0.0671981
0.0014015      0.0536382      0.013759      0.0673971
0.001411      0.0537948      0.0138017      0.0675965
0.0014205      0.0539517      0.0138445      0.0677962
0.00143      0.0541087      0.0138873      0.0679961
0.0014395      0.0542659      0.0139303      0.0681962
0.001449      0.0544231      0.0139733      0.0683965
0.0014585      0.0545805      0.0140165      0.068597
0.001468      0.054738      0.0140596      0.0687976
0.0014775      0.0548955      0.0141029      0.0689984
0.001487      0.0550531      0.0141462      0.0691993
0.0014965      0.0552107      0.0141895      0.0694002
0.001506      0.0553683      0.0142329      0.0696012
0.0015155      0.0555258      0.0142764      0.0698022
0.001525      0.0556834      0.0143199      0.0700032
0.0015345      0.0558409      0.0143634      0.0702042
0.001544      0.0559983      0.0144069      0.0704052
0.0015535      0.0561556      0.0144505      0.0706061
0.001563      0.0563129      0.0144941      0.070807
0.0015725      0.05647      0.0145378      0.0710078
0.001582      0.056627      0.0145814      0.0712084
0.0015915      0.0567839      0.0146251      0.071409
0.001601      0.0569407      0.0146687      0.0716094
0.0016105      0.0570973      0.0147124      0.0718097
0.00162      0.0572538      0.014756      0.0720098
0.0016295      0.0574101      0.0147997      0.0722098
0.001639      0.0575663      0.0148433      0.0724096
0.0016485      0.0577223      0.0148869      0.0726092
0.001658      0.0578781      0.0149305      0.0728086
0.0016675      0.0580338      0.0149741      0.0730079
0.001677      0.0581893      0.0150176      0.0732069
0.0016865      0.0583446      0.0150611      0.0734057
0.001696      0.0584998      0.0151046      0.0736044
0.0017055      0.0586548      0.015148      0.0738028
0.001715      0.0588097      0.0151913      0.074001
0.0017245      0.0589644      0.0152346      0.074199
0.001734      0.0591189      0.0152778      0.0743968
0.0017435      0.0592733      0.015321      0.0745943
0.001753      0.0594276      0.0153641      0.0747917
0.0017625      0.0595818      0.0154071      0.0749889
0.001772      0.0597358      0.0154501      0.0751859
0.0017815      0.0598897      0.0154929      0.0753826
0.001791      0.0600436      0.0155357      0.0755792
0.0018005      0.0601973      0.0155783      0.0757756
0.00181      0.060351      0.0156209      0.0759719
0.0018195      0.0605046      0.0156634      0.0761679
0.001829      0.0606581      0.0157057      0.0763638
0.0018385      0.0608116      0.015748      0.0765596
0.001848      0.0609651      0.0157901      0.0767552
0.0018575      0.0611186      0.0158321      0.0769507
0.001867      0.0612721      0.015874      0.077146
0.0018765      0.0614255      0.0159157      0.0773413
0.001886      0.0615791      0.0159574      0.0775364
0.0018955      0.0617326      0.0159989      0.0777315
0.001905      0.0618862      0.0160402      0.0779265
0.0019145      0.0620399      0.0160814      0.0781214
0.001924      0.0621937      0.0161225      0.0783162
0.0019335      0.0623476      0.0161634      0.078511
0.001943      0.0625016      0.0162042      0.0787058
0.0019525      0.0626558      0.0162448      0.0789006
0.001962      0.0628101      0.0162853      0.0790954
0.0019715      0.0629646      0.0163256      0.0792902
0.001981      0.0631192      0.0163657      0.079485
0.0019905      0.0632741      0.0164057      0.0796798
0.002      0.0634292      0.0164455      0.0798747
