0.01      0.412681      0.228964      0.641646
0.010125      0.419337      0.228244      0.647581
0.01025      0.426293      0.227495      0.653788
0.010375      0.433562      0.226725      0.660286
0.0105      0.44115      0.22594      0.667091
0.010625      0.449066      0.225149      0.674215
0.01075      0.457313      0.224359      0.681672
0.010875      0.465896      0.223575      0.689471
0.011      0.474816      0.222804      0.697619
0.011125      0.484073      0.22205      0.706124
0.01125      0.493666      0.221321      0.714987
0.011375      0.503592      0.220618      0.72421
0.0115      0.513847      0.219947      0.733793
0.011625      0.524423      0.219309      0.743733
0.01175      0.535315      0.218708      0.754024
0.011875      0.546514      0.218146      0.76466
0.012      0.55801      0.217623      0.775633
0.012125      0.569793      0.217141      0.786934
0.01225      0.581851      0.216699      0.79855
0.012375      0.594173      0.216297      0.81047
0.0125      0.606745      0.215934      0.822679
0.012625      0.619554      0.215609      0.835163
0.01275      0.632587      0.215321      0.847908
0.012875      0.64583      0.215067      0.860896
0.013      0.659267      0.214845      0.874111
0.013125      0.672885      0.214652      0.887537
0.01325      0.686669      0.214487      0.901156
0.013375      0.700604      0.214346      0.91495
0.0135      0.714676      0.214226      0.928902
0.013625      0.728871      0.214124      0.942994
0.01375      0.743173      0.214037      0.957211
0.013875      0.757571      0.213962      0.971533
0.014      0.772049      0.213896      0.985946
0.014125      0.786595      0.213836      1.00043
0.01425      0.801196      0.213779      1.01498
0.014375      0.815838      0.213722      1.02956
0.0145      0.830512      0.213663      1.04417
0.014625      0.845203      0.213598      1.0588
0.01475      0.859903      0.213525      1.07343
0.014875      0.874599      0.213443      1.08804
0.015      0.889282      0.213348      1.10263
0.015125      0.903942      0.213239      1.11718
0.01525      0.91857      0.213115      1.13168
0.015375      0.933158      0.212973      1.14613
0.0155      0.947696      0.212812      1.16051
0.015625      0.962178      0.212631      1.17481
0.01575      0.976597      0.212429      1.18903
0.015875      0.990945      0.212206      1.20315
0.016      1.00522      0.21196      1.21718
0.016125      1.01941      0.211691      1.2311
0.01625      1.03351      0.211399      1.24491
0.016375      1.04752      0.211084      1.2586
0.0165      1.06143      0.210745      1.27217
0.016625      1.07524      0.210384      1.28562
0.01675      1.08894      0.209999      1.29894
0.016875      1.10253      0.209593      1.31213
0.017      1.11602      0.209165      1.32518
0.017125      1.12939      0.208716      1.3381
0.01725      1.14264      0.208247      1.35088
0.017375      1.15577      0.207758      1.36352
0.0175      1.16878      0.207251      1.37603
0.017625      1.18166      0.206727      1.38839
0.01775      1.19442      0.206187      1.40061
0.017875      1.20706      0.205632      1.41269
0.018      1.21956      0.205063      1.42463
0.018125      1.23194      0.204482      1.43643
0.01825      1.2442      0.203889      1.44808
0.018375      1.25632      0.203286      1.4596
0.0185      1.26831      0.202675      1.47099
0.018625      1.28018      0.202057      1.48223
0.01875      1.29191      0.201432      1.49334
0.018875      1.30352      0.200803      1.50432
0.019      1.31499      0.200171      1.51517
0.019125      1.32634      0.199536      1.52588
0.01925      1.33757      0.198901      1.53647
0.019375      1.34866      0.198266      1.54693
0.0195      1.35963      0.197632      1.55726
0.019625      1.37047      0.197002      1.56747
0.01975      1.38119      0.196375      1.57757
0.019875      1.39179      0.195753      1.58754
0.02      1.40226      0.195137      1.5974
0.020125      1.41261      0.194528      1.60714
0.02025      1.42285      0.193926      1.61677
0.020375      1.43296      0.193334      1.6263
0.0205      1.44296      0.192751      1.63571
0.020625      1.45284      0.192178      1.64502
0.02075      1.46261      0.191616      1.65423
0.020875      1.47227      0.191066      1.66334
0.021      1.48182      0.190528      1.67234
0.021125      1.49125      0.190003      1.68126
0.02125      1.50058      0.189491      1.69007
0.021375      1.50981      0.188993      1.6988
0.0215      1.51893      0.188509      1.70744
0.021625      1.52795      0.188039      1.71599
0.02175      1.53687      0.187584      1.72445
0.021875      1.54569      0.187143      1.73283
0.022      1.55441      0.186718      1.74113
0.022125      1.56304      0.186308      1.74935
0.02225      1.57158      0.185913      1.7575
0.022375      1.58003      0.185534      1.76557
0.0225      1.5884      0.18517      1.77357
0.022625      1.59667      0.184821      1.78149
0.02275      1.60486      0.184487      1.78935
0.022875      1.61298      0.184168      1.79714
0.023      1.62101      0.183864      1.80487
0.023125      1.62896      0.183574      1.81254
0.02325      1.63684      0.183299      1.82014
0.023375      1.64465      0.183038      1.82769
0.0235      1.65239      0.182791      1.83518
0.023625      1.66006      0.182558      1.84262
0.02375      1.66766      0.182337      1.85
0.023875      1.6752      0.18213      1.85733
0.024      1.68268      0.181935      1.86462
0.024125      1.69011      0.181752      1.87186
0.02425      1.69747      0.181581      1.87905
0.024375      1.70478      0.181421      1.8862
0.0245      1.71204      0.181271      1.89331
0.024625      1.71925      0.181133      1.90039
0.02475      1.72642      0.181004      1.90742
0.024875      1.73354      0.180884      1.91442
0.025      1.74062      0.180774      1.92139
0.025125      1.74765      0.180672      1.92833
0.02525      1.75466      0.180578      1.93523
0.025375      1.76162      0.180492      1.94211
0.0255      1.76856      0.180413      1.94897
0.025625      1.77546      0.180341      1.9558
0.02575      1.78234      0.180275      1.96261
0.025875      1.78919      0.180214      1.9694
0.026      1.79602      0.180159      1.97618
0.026125      1.80283      0.180108      1.98294
0.02625      1.80962      0.180062      1.98968
0.026375      1.8164      0.18002      1.99642
0.0265      1.82316      0.179981      2.00314
0.026625      1.82991      0.179946      2.00986
0.02675      1.83665      0.179913      2.01657
0.026875      1.84339      0.179882      2.02327
0.027      1.85013      0.179853      2.02998
0.027125      1.85686      0.179826      2.03668
0.02725      1.86359      0.1798      2.04339
0.027375      1.87033      0.179774      2.0501
0.0275      1.87707      0.179749      2.05682
0.027625      1.88382      0.179724      2.06354
0.02775      1.89058      0.179699      2.07028
0.027875      1.89735      0.179673      2.07702
0.028      1.90414      0.179646      2.08378
0.028125      1.91094      0.179618      2.09056
0.02825      1.91776      0.179589      2.09735
0.028375      1.9246      0.179559      2.10416
0.0285      1.93147      0.179526      2.11099
0.028625      1.93836      0.179491      2.11785
0.02875      1.94528      0.179454      2.12473
0.028875      1.95222      0.179415      2.13164
0.029      1.9592      0.179373      2.13858
0.029125      1.96622      0.179328      2.14554
0.02925      1.97326      0.179281      2.15254
0.029375      1.98035      0.17923      2.15958
0.0295      1.98747      0.179176      2.16665
0.029625      1.99464      0.179118      2.17376
0.02975      2.00185      0.179057      2.18091
0.029875      2.00911      0.178993      2.1881
0.03      2.01641      0.178925      2.19533
0.030125      2.02376      0.178853      2.20261
0.03025      2.03116      0.178778      2.20994
0.030375      2.03862      0.178699      2.21732
0.0305      2.04613      0.178616      2.22474
0.030625      2.05369      0.178529      2.23222
0.03075      2.06132      0.178439      2.23976
0.030875      2.069      0.178345      2.24735
0.031      2.07675      0.178247      2.25499
0.031125      2.08456      0.178145      2.2627
0.03125      2.09243      0.178039      2.27047
0.031375      2.10037      0.17793      2.2783
0.0315      2.10838      0.177817      2.2862
0.031625      2.11646      0.1777      2.29416
0.03175      2.12461      0.177579      2.30219
0.031875      2.13283      0.177456      2.31029
0.032      2.14113      0.177328      2.31846
0.032125      2.1495      0.177198      2.3267
0.03225      2.15795      0.177064      2.33501
0.032375      2.16648      0.176926      2.34341
0.0325      2.17509      0.176786      2.35188
0.032625      2.18378      0.176643      2.36042
0.03275      2.19256      0.176496      2.36905
0.032875      2.20142      0.176347      2.37776
0.033      2.21036      0.176196      2.38656
0.033125      2.21939      0.176041      2.39544
0.03325      2.22852      0.175884      2.4044
0.033375      2.23773      0.175725      2.41345
0.0335      2.24703      0.175563      2.42259
0.033625      2.25643      0.175399      2.43183
0.03375      2.26592      0.175234      2.44115
0.033875      2.2755      0.175066      2.45057
0.034      2.28518      0.174897      2.46008
0.034125      2.29496      0.174725      2.46968
