0.005      0.1802      0.154388      0.334587
0.00515      0.182399      0.154182      0.336581
0.0053      0.184963      0.153977      0.33894
0.00545      0.187936      0.153774      0.34171
0.0056      0.191366      0.153573      0.344939
0.00575      0.195298      0.153373      0.348671
0.0059      0.199775      0.153174      0.352949
0.00605      0.204837      0.152978      0.357814
0.0062      0.210521      0.152782      0.363303
0.00635      0.216858      0.152588      0.369446
0.0065      0.223876      0.152395      0.376271
0.00665      0.231594      0.152203      0.383797
0.0068      0.240026      0.152012      0.392037
0.00695      0.249178      0.151821      0.400999
0.0071      0.259052      0.151631      0.410682
0.00725      0.269639      0.151441      0.421079
0.0074      0.280926      0.15125      0.432176
0.00755      0.292893      0.15106      0.443953
0.0077      0.305514      0.150869      0.456383
0.00785      0.318758      0.150676      0.469434
0.008      0.332587      0.150483      0.48307
0.00815      0.346961      0.150288      0.497249
0.0083      0.361835      0.150091      0.511926
0.00845      0.377161      0.149892      0.527054
0.0086      0.392891      0.149691      0.542582
0.00875      0.408971      0.149487      0.558458
0.0089      0.425349      0.14928      0.57463
0.00905      0.441974      0.14907      0.591044
0.0092      0.458791      0.148857      0.607648
0.00935      0.475748      0.14864      0.624388
0.0095      0.492796      0.148419      0.641215
0.00965      0.509884      0.148195      0.658078
0.0098      0.526965      0.147966      0.674931
0.00995      0.543994      0.147733      0.691727
0.0101      0.560929      0.147497      0.708425
0.01025      0.577729      0.147256      0.724984
0.0104      0.594357      0.14701      0.741368
0.01055      0.61078      0.146761      0.757541
0.0107      0.626967      0.146508      0.773474
0.01085      0.642889      0.14625      0.789139
0.011      0.658521      0.145989      0.80451
0.01115      0.673841      0.145724      0.819566
0.0113      0.688831      0.145456      0.834287
0.01145      0.703474      0.145185      0.848659
0.0116      0.717757      0.14491      0.862667
0.01175      0.731669      0.144633      0.876301
0.0119      0.7452      0.144353      0.889553
0.01205      0.758346      0.14407      0.902417
0.0122      0.771103      0.143786      0.914889
0.01235      0.783467      0.143501      0.926968
0.0125      0.79544      0.143214      0.938654
0.01265      0.807024      0.142926      0.949949
0.0128      0.81822      0.142637      0.960857
0.01295      0.829035      0.142348      0.971383
0.0131      0.839473      0.142059      0.981532
0.01325      0.849542      0.141771      0.991313
0.0134      0.859251      0.141483      1.00073
0.01355      0.868608      0.141196      1.0098
0.0137      0.877622      0.140911      1.01853
0.01385      0.886304      0.140627      1.02693
0.014      0.894666      0.140346      1.03501
0.01415      0.902717      0.140067      1.04278
0.0143      0.910471      0.13979      1.05026
0.01445      0.917939      0.139517      1.05746
0.0146      0.925132      0.139246      1.06438
0.01475      0.932064      0.138979      1.07104
0.0149      0.938746      0.138716      1.07746
0.01505      0.945192      0.138457      1.08365
0.0152      0.951412      0.138201      1.08961
0.01535      0.95742      0.13795      1.09537
0.0155      0.963227      0.137704      1.10093
0.01565      0.968846      0.137462      1.10631
0.0158      0.974287      0.137225      1.11151
0.01595      0.979563      0.136993      1.11656
0.0161      0.984684      0.136766      1.12145
0.01625      0.989662      0.136544      1.12621
0.0164      0.994507      0.136327      1.13083
0.01655      0.99923      0.136116      1.13535
0.0167      1.00384      0.13591      1.13975
0.01685      1.00835      0.135709      1.14406
0.017      1.01277      0.135514      1.14828
0.01715      1.0171      0.135325      1.15242
0.0173      1.02135      0.13514      1.15649
0.01745      1.02554      0.134962      1.16051
0.0176      1.02968      0.134788      1.16447
0.01775      1.03376      0.134621      1.16838
0.0179      1.0378      0.134458      1.17226
0.01805      1.0418      0.134301      1.17611
0.0182      1.04578      0.13415      1.17993
0.01835      1.04974      0.134003      1.18374
0.0185      1.05368      0.133862      1.18754
0.01865      1.05761      0.133726      1.19133
0.0188      1.06154      0.133595      1.19513
0.01895      1.06547      0.133469      1.19894
0.0191      1.06941      0.133347      1.20276
0.01925      1.07337      0.133231      1.2066
0.0194      1.07734      0.133119      1.21046
0.01955      1.08134      0.133012      1.21435
0.0197      1.08536      0.13291      1.21827
0.01985      1.08942      0.132811      1.22223
0.02      1.09351      0.132717      1.22623
0.02015      1.09765      0.132628      1.23028
0.0203      1.10183      0.132542      1.23437
0.02045      1.10606      0.132461      1.23852
0.0206      1.11034      0.132383      1.24272
0.02075      1.11467      0.132309      1.24698
0.0209      1.11907      0.132239      1.25131
0.02105      1.12352      0.132172      1.25569
0.0212      1.12804      0.132109      1.26015
0.02135      1.13263      0.132049      1.26468
0.0215      1.13729      0.131992      1.26928
0.02165      1.14202      0.131939      1.27396
0.0218      1.14683      0.131888      1.27871
0.02195      1.15171      0.131841      1.28355
0.0221      1.15668      0.131796      1.28847
0.02225      1.16173      0.131754      1.29348
0.0224      1.16686      0.131715      1.29857
0.02255      1.17208      0.131678      1.30376
0.0227      1.17739      0.131644      1.30904
0.02285      1.1828      0.131612      1.31441
0.023      1.18829      0.131582      1.31987
0.02315      1.19389      0.131554      1.32544
0.0233      1.19958      0.131529      1.33111
0.02345      1.20537      0.131505      1.33687
0.0236      1.21126      0.131484      1.34275
0.02375      1.21726      0.131464      1.34872
0.0239      1.22336      0.131446      1.35481
0.02405      1.22958      0.131429      1.36101
0.0242      1.2359      0.131415      1.36731
0.02435      1.24233      0.131401      1.37373
0.0245      1.24888      0.131389      1.38027
0.02465      1.25554      0.131379      1.38692
0.0248      1.26233      0.13137      1.3937
0.02495      1.26923      0.131362      1.40059
0.0251      1.27625      0.131355      1.4076
0.02525      1.2834      0.131349      1.41475
0.0254      1.29067      0.131344      1.42201
0.02555      1.29807      0.13134      1.42941
0.0257      1.3056      0.131337      1.43694
0.02585      1.31326      0.131334      1.44459
0.026      1.32106      0.131333      1.45239
0.02615      1.32899      0.131332      1.46032
0.0263      1.33705      0.131331      1.46839
0.02645      1.34526      0.131331      1.4766
0.0266      1.35361      0.131332      1.48495
0.02675      1.36211      0.131333      1.49344
0.0269      1.37075      0.131334      1.50209
0.02705      1.37954      0.131336      1.51088
0.0272      1.38848      0.131338      1.51982
0.02735      1.39758      0.13134      1.52892
0.0275      1.40683      0.131342      1.53817
0.02765      1.41624      0.131344      1.54758
0.0278      1.4258      0.131347      1.55715
0.02795      1.43553      0.131349      1.56688
0.0281      1.44543      0.131351      1.57678
0.02825      1.45549      0.131353      1.58684
0.0284      1.46572      0.131355      1.59707
0.02855      1.47612      0.131357      1.60748
0.0287      1.4867      0.131358      1.61806
0.02885      1.49745      0.131359      1.62881
0.029      1.50838      0.131359      1.63974
0.02915      1.5195      0.13136      1.65086
0.0293      1.5308      0.131359      1.66216
0.02945      1.54228      0.131358      1.67364
0.0296      1.55395      0.131357      1.68531
0.02975      1.56582      0.131355      1.69717
0.0299      1.57788      0.131352      1.70923
0.03005      1.59013      0.131349      1.72148
0.0302      1.60259      0.131345      1.73393
0.03035      1.61524      0.13134      1.74658
0.0305      1.6281      0.131334      1.75944
0.03065      1.64117      0.131327      1.7725
0.0308      1.65445      0.13132      1.78577
0.03095      1.66793      0.131311      1.79924
0.0311      1.68163      0.131302      1.81293
0.03125      1.69555      0.131292      1.82684
0.0314      1.70969      0.13128      1.84097
0.03155      1.72404      0.131268      1.85531
0.0317      1.73862      0.131254      1.86988
0.03185      1.75343      0.13124      1.88467
0.032      1.76847      0.131224      1.89969
0.03215      1.78373      0.131207      1.91494
0.0323      1.79923      0.131189      1.93042
0.03245      1.81497      0.131169      1.94614
0.0326      1.83094      0.131149      1.96209
0.03275      1.84715      0.131127      1.97828
0.0329      1.86361      0.131104      1.99471
0.03305      1.88031      0.131079      2.01139
0.0332      1.89725      0.131053      2.02831
0.03335      1.91445      0.131026      2.04547
0.0335      1.93189      0.130998      2.06289
0.03365      1.94959      0.130968      2.08056
0.0338      1.96754      0.130936      2.09848
0.03395      1.98575      0.130903      2.11666
0.0341      2.00422      0.130869      2.13509
0.03425      2.02295      0.130834      2.15379
0.0344      2.04194      0.130797      2.17274
0.03455      2.0612      0.130758      2.19196
0.0347      2.08072      0.130718      2.21144
0.03485      2.10051      0.130676      2.23118
0.035      2.12057      0.130634      2.2512
