0.01      0.409884      0.204478      0.614361
0.010125      0.419142      0.204034      0.623177
0.01025      0.428749      0.203565      0.632314
0.010375      0.438704      0.203074      0.641778
0.0105      0.449006      0.202564      0.65157
0.010625      0.459652      0.20204      0.661692
0.01075      0.47064      0.201505      0.672145
0.010875      0.481964      0.200963      0.682927
0.011      0.493617      0.200417      0.694034
0.011125      0.505592      0.199871      0.705463
0.01125      0.517879      0.199328      0.717207
0.011375      0.530469      0.198791      0.729261
0.0115      0.54335      0.198263      0.741614
0.011625      0.55651      0.197746      0.754257
0.01175      0.569936      0.197243      0.767179
0.011875      0.583612      0.196755      0.780367
0.012      0.597525      0.196283      0.793808
0.012125      0.611658      0.19583      0.807488
0.01225      0.625996      0.195395      0.821391
0.012375      0.640521      0.19498      0.835501
0.0125      0.655216      0.194585      0.849802
0.012625      0.670065      0.19421      0.864275
0.01275      0.685049      0.193855      0.878904
0.012875      0.700151      0.19352      0.893671
0.013      0.715353      0.193204      0.908557
0.013125      0.730638      0.192906      0.923544
0.01325      0.745988      0.192625      0.938613
0.013375      0.761386      0.192361      0.953746
0.0135      0.776814      0.192111      0.968926
0.013625      0.792258      0.191876      0.984133
0.01375      0.807699      0.191653      0.999352
0.013875      0.823123      0.191441      1.01456
0.014      0.838514      0.191238      1.02975
0.014125      0.853859      0.191044      1.0449
0.01425      0.869141      0.190856      1.06
0.014375      0.884349      0.190673      1.07502
0.0145      0.899469      0.190494      1.08996
0.014625      0.91449      0.190316      1.10481
0.01475      0.929399      0.190139      1.11954
0.014875      0.944186      0.189962      1.13415
0.015      0.95884      0.189782      1.14862
0.015125      0.973352      0.189599      1.16295
0.01525      0.987714      0.189411      1.17713
0.015375      1.00192      0.189218      1.19114
0.0155      1.01595      0.189018      1.20497
0.015625      1.02982      0.188811      1.21863
0.01575      1.0435      0.188596      1.2321
0.015875      1.057      0.188371      1.24537
0.016      1.07031      0.188137      1.25845
0.016125      1.08343      0.187893      1.27132
0.01625      1.09635      0.187638      1.28399
0.016375      1.10907      0.187372      1.29644
0.0165      1.12159      0.187095      1.30868
0.016625      1.1339      0.186806      1.3207
0.01675      1.146      0.186507      1.33251
0.016875      1.1579      0.186195      1.3441
0.017      1.16959      0.185872      1.35546
0.017125      1.18107      0.185538      1.36661
0.01725      1.19235      0.185193      1.37754
0.017375      1.20341      0.184838      1.38825
0.0175      1.21427      0.184471      1.39874
0.017625      1.22493      0.184095      1.40902
0.01775      1.23538      0.18371      1.41909
0.017875      1.24563      0.183315      1.42895
0.018      1.25568      0.182912      1.43859
0.018125      1.26554      0.182501      1.44804
0.01825      1.2752      0.182082      1.45728
0.018375      1.28468      0.181657      1.46633
0.0185      1.29396      0.181226      1.47519
0.018625      1.30306      0.18079      1.48385
0.01875      1.31199      0.180349      1.49233
0.018875      1.32073      0.179904      1.50063
0.019      1.3293      0.179455      1.50876
0.019125      1.33771      0.179005      1.51671
0.01925      1.34595      0.178552      1.5245
0.019375      1.35403      0.178098      1.53213
0.0195      1.36195      0.177644      1.5396
0.019625      1.36973      0.17719      1.54692
0.01975      1.37735      0.176737      1.55409
0.019875      1.38483      0.176286      1.56112
0.02      1.39218      0.175837      1.56801
0.020125      1.39939      0.175391      1.57478
0.02025      1.40647      0.174949      1.58142
0.020375      1.41343      0.17451      1.58794
0.0205      1.42026      0.174076      1.59434
0.020625      1.42698      0.173648      1.60063
0.02075      1.43359      0.173225      1.60682
0.020875      1.44009      0.172808      1.6129
0.021      1.44649      0.172398      1.61889
0.021125      1.4528      0.171996      1.62479
0.02125      1.45901      0.1716      1.63061
0.021375      1.46513      0.171213      1.63634
0.0215      1.47116      0.170833      1.642
0.021625      1.47712      0.170462      1.64758
0.02175      1.483      0.1701      1.6531
0.021875      1.4888      0.169747      1.65855
0.022      1.49454      0.169404      1.66395
0.022125      1.50022      0.169069      1.66929
0.02225      1.50583      0.168745      1.67458
0.022375      1.51139      0.16843      1.67982
0.0225      1.5169      0.168125      1.68502
0.022625      1.52236      0.16783      1.69019
0.02275      1.52777      0.167545      1.69532
0.022875      1.53315      0.16727      1.70042
0.023      1.53849      0.167005      1.70549
0.023125      1.54379      0.16675      1.71054
0.02325      1.54906      0.166505      1.71557
0.023375      1.55431      0.166271      1.72058
0.0235      1.55954      0.166046      1.72558
0.023625      1.56474      0.165831      1.73057
0.02375      1.56993      0.165626      1.73555
0.023875      1.5751      0.16543      1.74053
0.024      1.58027      0.165244      1.74551
0.024125      1.58543      0.165067      1.75049
0.02425      1.59058      0.164899      1.75548
0.024375      1.59573      0.16474      1.76047
0.0245      1.60089      0.16459      1.76548
0.024625      1.60605      0.164448      1.77049
0.02475      1.61121      0.164315      1.77553
0.024875      1.61639      0.164189      1.78058
0.025      1.62158      0.164072      1.78565
0.025125      1.62678      0.163962      1.79074
0.02525      1.632      0.16386      1.79586
0.025375      1.63725      0.163764      1.80101
0.0255      1.64251      0.163676      1.80619
0.025625      1.6478      0.163594      1.8114
0.02575      1.65312      0.163518      1.81664
0.025875      1.65847      0.163449      1.82192
0.026      1.66385      0.163385      1.82724
0.026125      1.66927      0.163327      1.83259
0.02625      1.67472      0.163274      1.83799
0.026375      1.68021      0.163226      1.84344
0.0265      1.68574      0.163182      1.84892
0.026625      1.69132      0.163143      1.85446
0.02675      1.69693      0.163109      1.86004
0.026875      1.7026      0.163078      1.86568
0.027      1.70831      0.163051      1.87136
0.027125      1.71408      0.163027      1.87711
0.02725      1.7199      0.163006      1.8829
0.027375      1.72577      0.162988      1.88876
0.0275      1.73169      0.162973      1.89467
0.027625      1.73768      0.162961      1.90064
0.02775      1.74372      0.16295      1.90667
0.027875      1.74983      0.162942      1.91277
0.028      1.756      0.162935      1.91893
0.028125      1.76223      0.162929      1.92516
0.02825      1.76853      0.162926      1.93146
0.028375      1.7749      0.162923      1.93782
0.0285      1.78133      0.162921      1.94425
0.028625      1.78784      0.16292      1.95076
0.02875      1.79442      0.162919      1.95733
0.028875      1.80107      0.162919      1.96399
0.029      1.80779      0.162919      1.97071
0.029125      1.8146      0.162919      1.97751
0.02925      1.82148      0.162919      1.9844
0.029375      1.82844      0.162919      1.99135
0.0295      1.83548      0.162918      1.99839
0.029625      1.8426      0.162917      2.00551
0.02975      1.8498      0.162915      2.01272
0.029875      1.85709      0.162912      2.02
0.03      1.86447      0.162909      2.02738
0.030125      1.87193      0.162905      2.03483
0.03025      1.87948      0.162899      2.04238
0.030375      1.88712      0.162893      2.05001
0.0305      1.89485      0.162885      2.05773
0.030625      1.90267      0.162876      2.06555
0.03075      1.91059      0.162865      2.07345
0.030875      1.91859      0.162853      2.08145
0.031      1.9267      0.16284      2.08954
0.031125      1.9349      0.162825      2.09772
0.03125      1.9432      0.162808      2.10601
0.031375      1.95159      0.16279      2.11439
0.0315      1.96009      0.16277      2.12286
0.031625      1.96869      0.162749      2.13144
0.03175      1.97739      0.162726      2.14011
0.031875      1.98619      0.162701      2.14889
0.032      1.9951      0.162674      2.15777
0.032125      2.00411      0.162645      2.16676
0.03225      2.01323      0.162615      2.17584
0.032375      2.02245      0.162583      2.18504
0.0325      2.03179      0.162549      2.19434
0.032625      2.04123      0.162513      2.20374
0.03275      2.05078      0.162476      2.21326
0.032875      2.06045      0.162437      2.22288
0.033      2.07022      0.162396      2.23262
0.033125      2.08011      0.162353      2.24247
0.03325      2.09012      0.162309      2.25242
0.033375      2.10023      0.162263      2.2625
0.0335      2.11047      0.162216      2.27268
0.033625      2.12082      0.162167      2.28299
