0.01      0.417673      0.256264      0.673936
0.010125      0.421957      0.255814      0.67777
0.01025      0.426447      0.255366      0.681813
0.010375      0.431152      0.25492      0.686072
0.0105      0.436078      0.254476      0.690554
0.010625      0.441234      0.254034      0.695268
0.01075      0.446626      0.253593      0.70022
0.010875      0.452261      0.253155      0.705416
0.011      0.458145      0.252718      0.710863
0.011125      0.464285      0.252282      0.716567
0.01125      0.470686      0.251848      0.722534
0.011375      0.477353      0.251416      0.728768
0.0115      0.48429      0.250984      0.735275
0.011625      0.491503      0.250555      0.742058
0.01175      0.498995      0.250126      0.749121
0.011875      0.506769      0.249699      0.756468
0.012      0.514827      0.249273      0.7641
0.012125      0.523173      0.248848      0.772021
0.01225      0.531807      0.248424      0.780231
0.012375      0.54073      0.248002      0.788732
0.0125      0.549944      0.24758      0.797524
0.012625      0.559447      0.247159      0.806606
0.01275      0.56924      0.246739      0.815979
0.012875      0.57932      0.24632      0.82564
0.013      0.589687      0.245901      0.835588
0.013125      0.600337      0.245483      0.84582
0.01325      0.611268      0.245066      0.856334
0.013375      0.622477      0.244649      0.867125
0.0135      0.633958      0.244232      0.878191
0.013625      0.645709      0.243816      0.889526
0.01375      0.657724      0.243401      0.901125
0.013875      0.669997      0.242986      0.912983
0.014      0.682523      0.242571      0.925094
0.014125      0.695296      0.242156      0.937452
0.01425      0.708308      0.241741      0.95005
0.014375      0.721553      0.241327      0.96288
0.0145      0.735024      0.240913      0.975937
0.014625      0.748712      0.240498      0.989211
0.01475      0.762611      0.240084      1.00269
0.014875      0.77671      0.239669      1.01638
0.015      0.791003      0.239255      1.03026
0.015125      0.80548      0.23884      1.04432
0.01525      0.820132      0.238426      1.05856
0.015375      0.83495      0.238011      1.07296
0.0155      0.849925      0.237595      1.08752
0.015625      0.865048      0.23718      1.10223
0.01575      0.88031      0.236764      1.11707
0.015875      0.895699      0.236348      1.13205
0.016      0.911208      0.235932      1.14714
0.016125      0.926827      0.235516      1.16234
0.01625      0.942545      0.235099      1.17764
0.016375      0.958354      0.234681      1.19304
0.0165      0.974244      0.234264      1.20851
0.016625      0.990205      0.233846      1.22405
0.01675      1.00623      0.233427      1.23966
0.016875      1.0223      0.233009      1.25531
0.017      1.03842      0.23259      1.27101
0.017125      1.05458      0.23217      1.28675
0.01725      1.07075      0.231751      1.30251
0.017375      1.08695      0.231331      1.31828
0.0175      1.10315      0.23091      1.33407
0.017625      1.11936      0.23049      1.34985
0.01775      1.13555      0.230069      1.36562
0.017875      1.15173      0.229647      1.38138
0.018      1.16789      0.229226      1.39711
0.018125      1.18401      0.228804      1.41282
0.01825      1.20009      0.228382      1.42848
0.018375      1.21613      0.22796      1.44409
0.0185      1.23212      0.227538      1.45966
0.018625      1.24804      0.227116      1.47516
0.01875      1.2639      0.226694      1.49059
0.018875      1.27969      0.226272      1.50596
0.019      1.29539      0.225849      1.52124
0.019125      1.31102      0.225427      1.53645
0.01925      1.32655      0.225005      1.55156
0.019375      1.34199      0.224583      1.56658
0.0195      1.35734      0.224162      1.5815
0.019625      1.37257      0.22374      1.59631
0.01975      1.3877      0.223319      1.61102
0.019875      1.40272      0.222898      1.62562
0.02      1.41762      0.222478      1.6401
0.020125      1.43241      0.222058      1.65447
0.02025      1.44707      0.221639      1.66871
0.020375      1.4616      0.22122      1.68282
0.0205      1.47601      0.220801      1.69681
0.020625      1.49028      0.220384      1.71067
0.02075      1.50442      0.219967      1.72439
0.020875      1.51843      0.219551      1.73798
0.021      1.5323      0.219135      1.75143
0.021125      1.54602      0.218721      1.76474
0.02125      1.55961      0.218307      1.77792
0.021375      1.57306      0.217895      1.79095
0.0215      1.58636      0.217483      1.80384
0.021625      1.59952      0.217073      1.81659
0.02175      1.61253      0.216663      1.82919
0.021875      1.6254      0.216255      1.84165
0.022      1.63812      0.215849      1.85397
0.022125      1.6507      0.215443      1.86614
0.02225      1.66313      0.215039      1.87817
0.022375      1.67542      0.214636      1.89006
0.0225      1.68756      0.214235      1.9018
0.022625      1.69956      0.213835      1.9134
0.02275      1.71142      0.213437      1.92485
0.022875      1.72313      0.21304      1.93617
0.023      1.7347      0.212646      1.94735
0.023125      1.74613      0.212252      1.95838
0.02325      1.75742      0.211861      1.96928
0.023375      1.76857      0.211471      1.98004
0.0235      1.77959      0.211083      1.99067
0.023625      1.79047      0.210698      2.00117
0.02375      1.80122      0.210314      2.01153
0.023875      1.81183      0.209931      2.02176
0.024      1.82232      0.209551      2.03187
0.024125      1.83268      0.209173      2.04185
0.02425      1.84291      0.208797      2.05171
0.024375      1.85302      0.208424      2.06144
0.0245      1.863      0.208052      2.07106
0.024625      1.87287      0.207682      2.08055
0.02475      1.88262      0.207315      2.08994
0.024875      1.89226      0.20695      2.09921
0.025      1.90178      0.206587      2.10837
0.025125      1.9112      0.206227      2.11742
0.02525      1.9205      0.205869      2.12637
0.025375      1.92971      0.205513      2.13522
0.0255      1.93881      0.205159      2.14397
0.025625      1.94781      0.204808      2.15262
0.02575      1.95672      0.204459      2.16118
0.025875      1.96553      0.204113      2.16964
0.026      1.97425      0.203769      2.17802
0.026125      1.98288      0.203428      2.18631
0.02625      1.99143      0.203089      2.19452
0.026375      1.99989      0.202752      2.20264
0.0265      2.00828      0.202418      2.21069
0.026625      2.01658      0.202086      2.21867
0.02675      2.02482      0.201757      2.22657
0.026875      2.03298      0.201431      2.23441
0.027      2.04107      0.201107      2.24218
0.027125      2.0491      0.200785      2.24988
0.02725      2.05706      0.200466      2.25753
0.027375      2.06497      0.20015      2.26512
0.0275      2.07282      0.199836      2.27265
0.027625      2.08061      0.199524      2.28014
0.02775      2.08836      0.199215      2.28757
0.027875      2.09605      0.198909      2.29496
0.028      2.1037      0.198605      2.30231
0.028125      2.11131      0.198303      2.30962
0.02825      2.11888      0.198005      2.31688
0.028375      2.12641      0.197708      2.32412
0.0285      2.13391      0.197414      2.33132
0.028625      2.14137      0.197123      2.3385
0.02875      2.14881      0.196834      2.34565
0.028875      2.15622      0.196547      2.35277
0.029      2.16361      0.196263      2.35988
0.029125      2.17098      0.195981      2.36696
0.02925      2.17833      0.195702      2.37404
0.029375      2.18567      0.195425      2.38109
0.0295      2.19299      0.195151      2.38814
0.029625      2.20031      0.194879      2.39519
0.02975      2.20762      0.194609      2.40223
0.029875      2.21492      0.194341      2.40926
0.03      2.22222      0.194076      2.4163
0.030125      2.22952      0.193814      2.42334
0.03025      2.23683      0.193553      2.43038
0.030375      2.24414      0.193295      2.43744
0.0305      2.25146      0.193039      2.4445
0.030625      2.25879      0.192785      2.45158
0.03075      2.26614      0.192533      2.45867
0.030875      2.2735      0.192284      2.46578
0.031      2.28087      0.192037      2.47291
0.031125      2.28827      0.191792      2.48006
0.03125      2.29569      0.191549      2.48724
0.031375      2.30314      0.191308      2.49444
0.0315      2.31061      0.191069      2.50168
0.031625      2.31811      0.190832      2.50894
0.03175      2.32564      0.190597      2.51624
0.031875      2.33321      0.190365      2.52357
0.032      2.34081      0.190134      2.53094
0.032125      2.34845      0.189905      2.53836
0.03225      2.35613      0.189678      2.54581
0.032375      2.36385      0.189453      2.55331
0.0325      2.37162      0.18923      2.56085
0.032625      2.37943      0.189009      2.56844
0.03275      2.38729      0.188789      2.57608
0.032875      2.3952      0.188572      2.58378
0.033      2.40317      0.188356      2.59152
0.033125      2.41118      0.188142      2.59933
0.03325      2.41926      0.18793      2.60719
0.033375      2.42739      0.187719      2.61511
0.0335      2.43558      0.18751      2.62309
0.033625      2.44383      0.187303      2.63113
0.03375      2.45214      0.187097      2.63924
0.033875      2.46052      0.186893      2.64741
0.034      2.46896      0.186691      2.65565
0.034125      2.47748      0.18649      2.66397
0.03425      2.48606      0.186291      2.67235
0.034375      2.49471      0.186093      2.6808
0.0345      2.50344      0.185897      2.68933
0.034625      2.51224      0.185702      2.69794
0.03475      2.52111      0.185509      2.70662
0.034875      2.53007      0.185317      2.71538
0.035      2.5391      0.185126      2.72423
0.035125      2.54821      0.184937      2.73315
0.03525      2.55741      0.184749      2.74216
0.035375      2.56668      0.184563      2.75125
0.0355      2.57605      0.184378      2.76043
0.035625      2.5855      0.184194      2.76969
0.03575      2.59503      0.184011      2.77904
0.035875      2.60466      0.18383      2.78849
0.036      2.61437      0.18365      2.79802
0.036125      2.62417      0.183471      2.80765
0.03625      2.63407      0.183294      2.81737
0.036375      2.64406      0.183117      2.82718
0.0365      2.65415      0.182942      2.83709
0.036625      2.66433      0.182768      2.8471
0.03675      2.67461      0.182595      2.8572
0.036875      2.68498      0.182423      2.86741
0.037      2.69546      0.182252      2.87771
0.037125      2.70603      0.182082      2.88812
0.03725      2.71671      0.181914      2.89862
0.037375      2.72749      0.181746      2.90924
0.0375      2.73837      0.181579      2.91995
0.037625      2.74936      0.181414      2.93077
0.03775      2.76045      0.181249      2.9417
0.037875      2.77164      0.181085      2.95273
0.038      2.78295      0.180922      2.96387
0.038125      2.79436      0.180761      2.97512
0.03825      2.80588      0.1806      2.98648
0.038375      2.81751      0.18044      2.99795
0.0385      2.82925      0.18028      3.00953
0.038625      2.8411      0.180122      3.02122
0.03875      2.85306      0.179965      3.03302
0.038875      2.86513      0.179808      3.04494
0.039      2.87732      0.179652      3.05697
0.039125      2.88962      0.179497      3.06912
0.03925      2.90203      0.179343      3.08138
0.039375      2.91456      0.17919      3.09375
0.0395      2.92721      0.179037      3.10625
0.039625      2.93997      0.178886      3.11886
0.03975      2.95285      0.178735      3.13158
0.039875      2.96584      0.178584      3.14443
0.04      2.97896      0.178435      3.15739
