0.005      0.187205      0.160607      0.347812
0.005145833333      0.188998      0.160384      0.349381
0.005291666667      0.191063      0.160162      0.351224
0.0054375      0.193437      0.159941      0.353378
0.005583333333      0.196158      0.159722      0.35588
0.005729166667      0.199264      0.159504      0.358768
0.005875      0.202793      0.159288      0.36208
0.006020833333      0.206782      0.159072      0.365855
0.006166666667      0.211269      0.158858      0.370127
0.0063125      0.216284      0.158645      0.374929
0.006458333333      0.221859      0.158433      0.380292
0.006604166667      0.22802      0.158222      0.386241
0.00675      0.234788      0.158011      0.3928
0.006895833333      0.242182      0.157802      0.399984
0.007041666667      0.250213      0.157592      0.407805
0.0071875      0.258889      0.157383      0.416272
0.007333333333      0.268211      0.157174      0.425385
0.007479166667      0.278175      0.156965      0.43514
0.007625      0.288773      0.156755      0.445528
0.007770833333      0.29999      0.156545      0.456535
0.007916666667      0.311808      0.156334      0.468142
0.0080625      0.324203      0.156121      0.480324
0.008208333333      0.337147      0.155908      0.493054
0.008354166667      0.35061      0.155692      0.506302
0.0085      0.364556      0.155474      0.520031
0.008645833333      0.378949      0.155255      0.534204
0.008791666667      0.39375      0.155032      0.548782
0.0089375      0.408916      0.154807      0.563724
0.009083333333      0.424406      0.154579      0.578986
0.009229166667      0.440176      0.154348      0.594525
0.009375      0.456183      0.154114      0.610297
0.009520833333      0.472382      0.153876      0.626258
0.009666666667      0.488731      0.153634      0.642365
0.0098125      0.505186      0.153389      0.658575
0.009958333333      0.521707      0.15314      0.674847
0.01010416667      0.538253      0.152887      0.69114
0.01025      0.554785      0.15263      0.707415
0.01039583333      0.571267      0.152369      0.723636
0.01054166667      0.587664      0.152104      0.739768
0.0106875      0.603943      0.151835      0.755777
0.01083333333      0.620072      0.151562      0.771635
0.01097916667      0.636025      0.151286      0.787311
0.011125      0.651774      0.151007      0.802781
0.01127083333      0.667297      0.150723      0.81802
0.01141666667      0.68257      0.150437      0.833007
0.0115625      0.697576      0.150148      0.847724
0.01170833333      0.712297      0.149856      0.862153
0.01185416667      0.726718      0.149562      0.87628
0.012      0.740827      0.149265      0.890093
0.01214583333      0.754614      0.148967      0.90358
0.01229166667      0.768068      0.148667      0.916735
0.0124375      0.781185      0.148365      0.92955
0.01258333333      0.793958      0.148063      0.942021
0.01272916667      0.806384      0.14776      0.954144
0.012875      0.818462      0.147456      0.965918
0.01302083333      0.830191      0.147152      0.977343
0.01316666667      0.841572      0.146849      0.988421
0.0133125      0.852607      0.146546      0.999153
0.01345833333      0.8633      0.146245      1.00954
0.01360416667      0.873655      0.145944      1.0196
0.01375      0.883677      0.145645      1.02932
0.01389583333      0.893373      0.145348      1.03872
0.01404166667      0.902749      0.145053      1.0478
0.0141875      0.911812      0.144761      1.05657
0.01433333333      0.920572      0.144471      1.06504
0.01447916667      0.929037      0.144184      1.07322
0.014625      0.937215      0.143901      1.08112
0.01477083333      0.945116      0.143621      1.08874
0.01491666667      0.952751      0.143345      1.0961
0.0150625      0.960128      0.143072      1.1032
0.01520833333      0.967257      0.142804      1.11006
0.01535416667      0.97415      0.14254      1.11669
0.0155      0.980817      0.142281      1.1231
0.01564583333      0.987267      0.142026      1.12929
0.01579166667      0.993511      0.141777      1.13529
0.0159375      0.99956      0.141532      1.14109
0.01608333333      1.00542      0.141292      1.14672
0.01622916667      1.01111      0.141057      1.15217
0.016375      1.01663      0.140828      1.15746
0.01652083333      1.022      0.140604      1.16261
0.01666666667      1.02722      0.140385      1.16761
0.0168125      1.03231      0.140172      1.17248
0.01695833333      1.03727      0.139964      1.17723
0.01710416667      1.04211      0.139762      1.18187
0.01725      1.04685      0.139565      1.18641
0.01739583333      1.05148      0.139374      1.19085
0.01754166667      1.05602      0.139188      1.19521
0.0176875      1.06048      0.139008      1.19949
0.01783333333      1.06486      0.138833      1.2037
0.01797916667      1.06918      0.138663      1.20784
0.018125      1.07343      0.138499      1.21193
0.01827083333      1.07763      0.138341      1.21597
0.01841666667      1.08179      0.138187      1.21998
0.0185625      1.08591      0.138039      1.22395
0.01870833333      1.08999      0.137896      1.22789
0.01885416667      1.09405      0.137758      1.2318
0.019      1.09808      0.137625      1.23571
0.01914583333      1.1021      0.137497      1.2396
0.01929166667      1.10612      0.137373      1.24349
0.0194375      1.11012      0.137255      1.24738
0.01958333333      1.11413      0.137141      1.25127
0.01972916667      1.11815      0.137032      1.25518
0.019875      1.12217      0.136927      1.2591
0.02002083333      1.12621      0.136826      1.26304
0.02016666667      1.13027      0.13673      1.267
0.0203125      1.13436      0.136638      1.271
0.02045833333      1.13847      0.136549      1.27502
0.02060416667      1.14261      0.136465      1.27908
0.02075      1.14679      0.136385      1.28318
0.02089583333      1.15101      0.136308      1.28732
0.02104166667      1.15527      0.136235      1.29151
0.0211875      1.15958      0.136166      1.29574
0.02133333333      1.16393      0.1361      1.30003
0.02147916667      1.16834      0.136037      1.30437
0.021625      1.1728      0.135978      1.30878
0.02177083333      1.17732      0.135921      1.31324
0.02191666667      1.18189      0.135868      1.31776
0.0220625      1.18653      0.135818      1.32235
0.02220833333      1.19124      0.13577      1.32701
0.02235416667      1.19601      0.135725      1.33174
0.0225      1.20085      0.135683      1.33654
0.02264583333      1.20577      0.135643      1.34141
0.02279166667      1.21076      0.135606      1.34637
0.0229375      1.21583      0.135572      1.3514
0.02308333333      1.22097      0.135539      1.35651
0.02322916667      1.2262      0.135509      1.36171
0.023375      1.23151      0.13548      1.36699
0.02352083333      1.2369      0.135454      1.37236
0.02366666667      1.24238      0.13543      1.37781
0.0238125      1.24795      0.135408      1.38336
0.02395833333      1.25361      0.135387      1.389
0.02410416667      1.25937      0.135368      1.39474
0.02425      1.26522      0.135351      1.40057
0.02439583333      1.27116      0.135335      1.4065
0.02454166667      1.2772      0.135321      1.41252
0.0246875      1.28335      0.135308      1.41865
0.02483333333      1.28959      0.135296      1.42489
0.02497916667      1.29594      0.135286      1.43123
0.025125      1.3024      0.135277      1.43767
0.02527083333      1.30896      0.135269      1.44423
0.02541666667      1.31564      0.135262      1.4509
0.0255625      1.32242      0.135255      1.45768
0.02570833333      1.32932      0.13525      1.46457
0.02585416667      1.33633      0.135246      1.47158
0.026      1.34346      0.135243      1.47871
0.02614583333      1.35071      0.13524      1.48595
0.02629166667      1.35809      0.135238      1.49332
0.0264375      1.36558      0.135236      1.50082
0.02658333333      1.3732      0.135235      1.50844
0.02672916667      1.38095      0.135235      1.51619
0.026875      1.38883      0.135234      1.52406
0.02702083333      1.39684      0.135235      1.53207
0.02716666667      1.40498      0.135235      1.54022
0.0273125      1.41326      0.135236      1.54849
0.02745833333      1.42168      0.135237      1.55691
0.02760416667      1.43023      0.135238      1.56547
0.02775      1.43893      0.135239      1.57417
0.02789583333      1.44777      0.13524      1.58301
0.02804166667      1.45676      0.135241      1.59201
0.0281875      1.4659      0.135242      1.60114
0.02833333333      1.47519      0.135243      1.61044
0.02847916667      1.48464      0.135244      1.61988
0.028625      1.49423      0.135244      1.62948
0.02877083333      1.50399      0.135245      1.63924
0.02891666667      1.51391      0.135244      1.64915
0.0290625      1.52399      0.135244      1.65923
0.02920833333      1.53424      0.135243      1.66948
0.02935416667      1.54465      0.135242      1.67989
0.0295      1.55523      0.13524      1.69047
0.02964583333      1.56599      0.135237      1.70122
0.02979166667      1.57691      0.135234      1.71215
0.0299375      1.58802      0.13523      1.72325
0.03008333333      1.59931      0.135226      1.73453
0.03022916667      1.61078      0.13522      1.746
0.030375      1.62243      0.135214      1.75764
0.03052083333      1.63427      0.135208      1.76947
0.03066666667      1.64629      0.1352      1.78149
0.0308125      1.65851      0.135191      1.7937
0.03095833333      1.67093      0.135182      1.80611
0.03110416667      1.68354      0.135172      1.81871
0.03125      1.69634      0.13516      1.8315
0.03139583333      1.70935      0.135148      1.8445
0.03154166667      1.72257      0.135134      1.8577
0.0316875      1.73598      0.135119      1.8711
0.03183333333      1.74961      0.135104      1.88471
0.03197916667      1.76345      0.135087      1.89853
0.032125      1.7775      0.135069      1.91257
0.03227083333      1.79176      0.135049      1.92681
0.03241666667      1.80625      0.135029      1.94127
0.0325625      1.82095      0.135007      1.95595
0.03270833333      1.83587      0.134984      1.97085
0.03285416667      1.85102      0.134959      1.98598
0.033      1.86639      0.134933      2.00133
0.03314583333      1.88199      0.134906      2.0169
0.03329166667      1.89783      0.134878      2.0327
0.0334375      1.91389      0.134848      2.04874
0.03358333333      1.93019      0.134817      2.06501
0.03372916667      1.94673      0.134784      2.08151
0.033875      1.9635      0.13475      2.09825
0.03402083333      1.98052      0.134714      2.11523
0.03416666667      1.99777      0.134677      2.13245
0.0343125      2.01527      0.134638      2.14991
0.03445833333      2.03302      0.134598      2.16762
0.03460416667      2.05101      0.134556      2.18557
0.03475      2.06926      0.134513      2.20377
0.03489583333      2.08775      0.134469      2.22222
0.03504166667      2.1065      0.134422      2.24092
0.0351875      2.1255      0.134375      2.25987
0.03533333333      2.14475      0.134325      2.27908
0.03547916667      2.16426      0.134275      2.29854
0.035625      2.18404      0.134222      2.31826
0.03577083333      2.20407      0.134168      2.33823
0.03591666667      2.22436      0.134113      2.35847
0.0360625      2.24491      0.134056      2.37897
0.03620833333      2.26573      0.133997      2.39972
0.03635416667      2.28681      0.133937      2.42074
0.0365      2.30815      0.133875      2.44203
0.03664583333      2.32976      0.133812      2.46358
0.03679166667      2.35164      0.133747      2.48539
0.0369375      2.37379      0.133681      2.50747
0.03708333333      2.3962      0.133613      2.52982
0.03722916667      2.41889      0.133544      2.55243
0.037375      2.44184      0.133473      2.57532
0.03752083333      2.46507      0.133401      2.59847
0.03766666667      2.48856      0.133327      2.62189
0.0378125      2.51233      0.133252      2.64558
0.03795833333      2.53637      0.133175      2.66954
0.03810416667      2.56068      0.133097      2.69378
0.03825      2.58526      0.133017      2.71828
0.03839583333      2.61012      0.132936      2.74305
0.03854166667      2.63525      0.132854      2.7681
0.0386875      2.66064      0.13277      2.79342
0.03883333333      2.68632      0.132685      2.819
0.03897916667      2.71226      0.132599      2.84486
0.039125      2.73848      0.132511      2.87099
0.03927083333      2.76496      0.132422      2.89739
0.03941666667      2.79172      0.132331      2.92405
0.0395625      2.81875      0.132239      2.95099
0.03970833333      2.84605      0.132146      2.9782
0.03985416667      2.87362      0.132052      3.00567
0.04      2.90146      0.131957      3.03341
