0.01      0.426202      0.188232      0.614434
0.010125      0.437666      0.187941      0.625606
0.01025      0.449468      0.187649      0.637117
0.010375      0.461597      0.187356      0.648952
0.0105      0.474037      0.187061      0.661099
0.010625      0.486775      0.186766      0.673541
0.01075      0.499795      0.186469      0.686264
0.010875      0.51308      0.186171      0.699252
0.011      0.526614      0.185872      0.712486
0.011125      0.54038      0.18557      0.72595
0.01125      0.554358      0.185268      0.739626
0.011375      0.568532      0.184964      0.753496
0.0115      0.582883      0.184658      0.767541
0.011625      0.597392      0.18435      0.781742
0.01175      0.61204      0.184041      0.796081
0.011875      0.626808      0.18373      0.810539
0.012      0.641679      0.183418      0.825097
0.012125      0.656634      0.183104      0.839738
0.01225      0.671655      0.182788      0.854443
0.012375      0.686723      0.182471      0.869194
0.0125      0.701821      0.182152      0.883973
0.012625      0.716933      0.181832      0.898764
0.01275      0.732041      0.18151      0.913551
0.012875      0.74713      0.181187      0.928316
0.013      0.762183      0.180862      0.943046
0.013125      0.777187      0.180537      0.957723
0.01325      0.792126      0.18021      0.972336
0.013375      0.806987      0.179882      0.986869
0.0135      0.821758      0.179553      1.00131
0.013625      0.836424      0.179223      1.01565
0.01375      0.850976      0.178892      1.02987
0.013875      0.865402      0.178561      1.04396
0.014      0.879691      0.178229      1.05792
0.014125      0.893834      0.177897      1.07173
0.01425      0.907823      0.177564      1.08539
0.014375      0.921649      0.177231      1.09888
0.0145      0.935304      0.176899      1.1122
0.014625      0.948782      0.176566      1.12535
0.01475      0.962076      0.176233      1.13831
0.014875      0.975181      0.175901      1.15108
0.015      0.988093      0.175569      1.16366
0.015125      1.00081      0.175238      1.17604
0.01525      1.01332      0.174907      1.18823
0.015375      1.02562      0.174577      1.2002
0.0155      1.03772      0.174249      1.21197
0.015625      1.04961      0.173921      1.22354
0.01575      1.06129      0.173595      1.23489
0.015875      1.07276      0.17327      1.24603
0.016      1.08402      0.172946      1.25696
0.016125      1.09506      0.172624      1.26768
0.01625      1.10589      0.172303      1.27819
0.016375      1.11651      0.171985      1.28849
0.0165      1.12691      0.171668      1.29858
0.016625      1.13711      0.171354      1.30847
0.01675      1.1471      0.171041      1.31814
0.016875      1.15689      0.170731      1.32762
0.017      1.16647      0.170423      1.3369
0.017125      1.17586      0.170117      1.34597
0.01725      1.18504      0.169814      1.35486
0.017375      1.19403      0.169513      1.36355
0.0175      1.20283      0.169215      1.37205
0.017625      1.21145      0.16892      1.38037
0.01775      1.21988      0.168628      1.3885
0.017875      1.22813      0.168338      1.39646
0.018      1.2362      0.168051      1.40425
0.018125      1.2441      0.167768      1.41187
0.01825      1.25183      0.167487      1.41932
0.018375      1.2594      0.167209      1.42661
0.0185      1.26681      0.166934      1.43375
0.018625      1.27407      0.166663      1.44073
0.01875      1.28117      0.166394      1.44757
0.018875      1.28813      0.166129      1.45426
0.019      1.29495      0.165867      1.46081
0.019125      1.30163      0.165608      1.46724
0.01925      1.30818      0.165352      1.47353
0.019375      1.3146      0.1651      1.4797
0.0195      1.3209      0.16485      1.48575
0.019625      1.32707      0.164604      1.49168
0.01975      1.33314      0.164361      1.4975
0.019875      1.3391      0.164122      1.50322
0.02      1.34495      0.163886      1.50883
0.020125      1.3507      0.163652      1.51435
0.02025      1.35635      0.163422      1.51978
0.020375      1.36192      0.163196      1.52511
0.0205      1.36739      0.162972      1.53037
0.020625      1.37279      0.162752      1.53554
0.02075      1.3781      0.162534      1.54064
0.020875      1.38334      0.16232      1.54566
0.021      1.38851      0.162109      1.55062
0.021125      1.39362      0.1619      1.55552
0.02125      1.39866      0.161695      1.56036
0.021375      1.40365      0.161493      1.56514
0.0215      1.40858      0.161293      1.56987
0.021625      1.41346      0.161097      1.57455
0.02175      1.41829      0.160903      1.5792
0.021875      1.42308      0.160712      1.5838
0.022      1.42784      0.160524      1.58836
0.022125      1.43255      0.160339      1.59289
0.02225      1.43724      0.160156      1.59739
0.022375      1.44189      0.159976      1.60187
0.0225      1.44652      0.159799      1.60632
0.022625      1.45113      0.159624      1.61076
0.02275      1.45572      0.159451      1.61517
0.022875      1.4603      0.159281      1.61958
0.023      1.46486      0.159113      1.62397
0.023125      1.46941      0.158948      1.62836
0.02325      1.47396      0.158785      1.63275
0.023375      1.47851      0.158624      1.63713
0.0235      1.48305      0.158466      1.64152
0.023625      1.4876      0.158309      1.64591
0.02375      1.49215      0.158155      1.6503
0.023875      1.49671      0.158003      1.65471
0.024      1.50128      0.157852      1.65913
0.024125      1.50587      0.157704      1.66357
0.02425      1.51047      0.157558      1.66802
0.024375      1.51508      0.157413      1.6725
0.0245      1.51972      0.157271      1.67699
0.024625      1.52439      0.15713      1.68152
0.02475      1.52907      0.156991      1.68607
0.024875      1.53379      0.156853      1.69064
0.025      1.53854      0.156718      1.69526
0.025125      1.54332      0.156583      1.6999
0.02525      1.54813      0.156451      1.70458
0.025375      1.55298      0.15632      1.7093
0.0255      1.55787      0.15619      1.71406
0.025625      1.5628      0.156062      1.71887
0.02575      1.56778      0.155935      1.72371
0.025875      1.5728      0.15581      1.72861
0.026      1.57787      0.155686      1.73355
0.026125      1.58298      0.155564      1.73855
0.02625      1.58815      0.155442      1.74359
0.026375      1.59337      0.155322      1.74869
0.0265      1.59865      0.155203      1.75385
0.026625      1.60398      0.155085      1.75906
0.02675      1.60937      0.154969      1.76434
0.026875      1.61482      0.154853      1.76967
0.027      1.62033      0.154739      1.77507
0.027125      1.62591      0.154625      1.78054
0.02725      1.63155      0.154513      1.78607
0.027375      1.63726      0.154402      1.79166
0.0275      1.64304      0.154291      1.79733
0.027625      1.64889      0.154182      1.80307
0.02775      1.65481      0.154074      1.80889
0.027875      1.66081      0.153966      1.81478
0.028      1.66688      0.153859      1.82074
0.028125      1.67303      0.153754      1.82679
0.02825      1.67926      0.153649      1.83291
0.028375      1.68557      0.153544      1.83911
0.0285      1.69196      0.153441      1.8454
0.028625      1.69843      0.153339      1.85177
0.02875      1.70499      0.153237      1.85823
0.028875      1.71164      0.153136      1.86478
0.029      1.71838      0.153035      1.87141
0.029125      1.7252      0.152936      1.87814
0.02925      1.73212      0.152837      1.88495
0.029375      1.73912      0.152739      1.89186
0.0295      1.74623      0.152641      1.89887
0.029625      1.75343      0.152544      1.90597
0.02975      1.76072      0.152448      1.91317
0.029875      1.76812      0.152353      1.92047
0.03      1.77561      0.152258      1.92787
0.030125      1.78321      0.152163      1.93537
0.03025      1.79091      0.15207      1.94298
0.030375      1.79871      0.151977      1.95069
0.0305      1.80662      0.151884      1.95851
0.030625      1.81464      0.151792      1.96643
0.03075      1.82277      0.151701      1.97447
0.030875      1.83101      0.15161      1.98262
0.031      1.83935      0.15152      1.99087
0.031125      1.84782      0.15143      1.99925
0.03125      1.85639      0.151341      2.00773
0.031375      1.86509      0.151252      2.01634
0.0315      1.8739      0.151164      2.02506
0.031625      1.88283      0.151076      2.0339
0.03175      1.89188      0.150989      2.04286
0.031875      1.90105      0.150903      2.05195
0.032      1.91034      0.150817      2.06116
0.032125      1.91976      0.150731      2.07049
0.03225      1.9293      0.150646      2.07995
0.032375      1.93897      0.150562      2.08954
0.0325      1.94877      0.150477      2.09925
0.032625      1.9587      0.150394      2.1091
0.03275      1.96876      0.150311      2.11907
0.032875      1.97896      0.150228      2.12918
0.033      1.98928      0.150146      2.13943
0.033125      1.99975      0.150064      2.14981
0.03325      2.01034      0.149983      2.16033
0.033375      2.02108      0.149902      2.17098
0.0335      2.03196      0.149822      2.18178
0.033625      2.04297      0.149742      2.19271
0.03375      2.05413      0.149662      2.20379
0.033875      2.06543      0.149583      2.21501
0.034      2.07687      0.149505      2.22638
0.034125      2.08846      0.149427      2.23789
0.03425      2.1002      0.149349      2.24955
0.034375      2.11208      0.149272      2.26136
0.0345      2.12412      0.149195      2.27331
0.034625      2.1363      0.149118      2.28542
0.03475      2.14864      0.149042      2.29768
0.034875      2.16112      0.148967      2.31009
0.035      2.17377      0.148892      2.32266
0.035125      2.18656      0.148817      2.33538
0.03525      2.19952      0.148743      2.34826
0.035375      2.21263      0.148669      2.36129
0.0355      2.22589      0.148595      2.37449
0.035625      2.23932      0.148522      2.38784
0.03575      2.25291      0.148449      2.40136
0.035875      2.26666      0.148376      2.41503
0.036      2.28057      0.148304      2.42887
0.036125      2.29465      0.148233      2.44288
0.03625      2.30889      0.148161      2.45705
0.036375      2.32329      0.14809      2.47138
0.0365      2.33786      0.14802      2.48588
0.036625      2.3526      0.14795      2.50055
0.03675      2.36751      0.14788      2.51539
0.036875      2.38259      0.14781      2.5304
0.037      2.39783      0.147741      2.54558
0.037125      2.41325      0.147672      2.56092
0.03725      2.42884      0.147603      2.57645
0.037375      2.4446      0.147535      2.59214
0.0375      2.46054      0.147467      2.60801
0.037625      2.47665      0.147399      2.62405
0.03775      2.49293      0.147332      2.64027
0.037875      2.50939      0.147265      2.65666
0.038      2.52603      0.147198      2.67323
0.038125      2.54284      0.147132      2.68997
0.03825      2.55983      0.147066      2.7069
0.038375      2.577      0.147      2.724
0.0385      2.59435      0.146934      2.74128
0.038625      2.61187      0.146869      2.75874
0.03875      2.62958      0.146804      2.77638
0.038875      2.64747      0.146739      2.7942
0.039      2.66553      0.146674      2.81221
0.039125      2.68378      0.14661      2.83039
0.03925      2.70221      0.146545      2.84875
0.039375      2.72082      0.146481      2.8673
0.0395      2.73961      0.146418      2.88603
0.039625      2.75859      0.146354      2.90494
0.03975      2.77775      0.146291      2.92404
0.039875      2.79709      0.146227      2.94331
0.04      2.81661      0.146164      2.96277
0.04      2.81661      0.146164      2.96277
