0.0002      0.0126394      0.0142228      0.0268621
0.000214      0.0125717      0.0142745      0.0268462
0.000228      0.0125034      0.0143262      0.0268296
0.000242      0.0124355      0.0143779      0.0268135
0.000256      0.012369      0.0144298      0.0267987
0.00027      0.0123048      0.0144816      0.0267864
0.000284      0.0122439      0.0145334      0.0267773
0.000298      0.0121872      0.0145851      0.0267722
0.000312      0.0121356      0.0146366      0.0267722
0.000326      0.0120903      0.0146879      0.0267782
0.00034      0.0120526      0.0147391      0.0267917
0.000354      0.0120244      0.01479      0.0268144
0.000368      0.0120077      0.0148409      0.0268486
0.000382      0.0120052      0.0148916      0.0268968
0.000396      0.0120202      0.0149422      0.0269624
0.00041      0.0120561      0.0149928      0.0270489
0.000424      0.0121171      0.0150433      0.0271604
0.000438      0.0122077      0.0150937      0.0273014
0.000452      0.0123325      0.0151441      0.0274767
0.000466      0.0124964      0.0151945      0.027691
0.00048      0.0127043      0.0152448      0.0279492
0.000494      0.0129609      0.0152951      0.0282561
0.000508      0.0132708      0.0153453      0.028616
0.000522      0.0136379      0.0153953      0.0290332
0.000536      0.0140659      0.0154452      0.0295111
0.00055      0.0145576      0.015495      0.0300526
0.000564      0.0151155      0.0155445      0.03066
0.000578      0.0157409      0.0155938      0.0313347
0.000592      0.0164345      0.0156428      0.0320773
0.000606      0.0171964      0.0156914      0.0328878
0.00062      0.0180254      0.0157397      0.0337652
0.000634      0.0189201      0.0157876      0.0347077
0.000648      0.019878      0.015835      0.035713
0.000662      0.020896      0.0158818      0.0367778
0.000676      0.0219704      0.0159281      0.0378985
0.00069      0.0230972      0.0159738      0.0390709
0.000704      0.0242716      0.0160187      0.0402903
0.000718      0.0254888      0.0160629      0.0415518
0.000732      0.0267436      0.0161064      0.0428499
0.000746      0.0280304      0.016149      0.0441794
0.00076      0.029344      0.0161907      0.0455347
0.000774      0.0306788      0.0162315      0.0469103
0.000788      0.0320293      0.0162714      0.0483008
0.000802      0.0333903      0.0163104      0.0497007
0.000816      0.0347566      0.0163483      0.0511049
0.00083      0.0361233      0.0163853      0.0525086
0.000844      0.0374856      0.0164213      0.0539069
0.000858      0.0388393      0.0164562      0.0552955
0.000872      0.0401802      0.0164902      0.0566704
0.000886      0.0415046      0.0165232      0.0580278
0.0009      0.0428091      0.0165553      0.0593644
0.000914      0.0440906      0.0165864      0.0606771
0.000928      0.0453465      0.0166167      0.0619632
0.000942      0.0465744      0.0166461      0.0632205
0.000956      0.0477723      0.0166747      0.064447
0.00097      0.0489384      0.0167026      0.065641
0.000984      0.0500713      0.0167298      0.0668011
0.000998      0.05117      0.0167563      0.0679263
0.001012      0.0522336      0.0167823      0.0690159
0.001026      0.0532616      0.0168078      0.0700694
0.00104      0.0542536      0.0168328      0.0710864
0.001054      0.0552095      0.0168575      0.0720671
0.001068      0.0561295      0.0168819      0.0730114
0.001082      0.0570137      0.0169061      0.0739197
0.001096      0.0578626      0.0169301      0.0747927
0.00111      0.0586768      0.016954      0.0756308
0.001124      0.0594569      0.0169779      0.0764348
0.001138      0.0602038      0.0170019      0.0772057
0.001152      0.0609184      0.0170259      0.0779443
0.001166      0.0616016      0.0170502      0.0786518
0.00118      0.0622544      0.0170747      0.0793291
0.001194      0.062878      0.0170995      0.0799775
0.001208      0.0634735      0.0171246      0.0805981
0.001222      0.064042      0.0171501      0.0811921
0.001236      0.0645846      0.0171761      0.0817608
0.00125      0.0651027      0.0172026      0.0823053
0.001264      0.0655972      0.0172296      0.0828269
0.001278      0.0660695      0.0172572      0.0833267
0.001292      0.0665207      0.0172854      0.0838061
0.001306      0.0669519      0.0173143      0.0842661
0.00132      0.0673642      0.0173437      0.0847079
0.001334      0.0677588      0.0173739      0.0851327
0.001348      0.0681367      0.0174048      0.0855415
0.001362      0.0684989      0.0174364      0.0859354
0.001376      0.0688466      0.0174688      0.0863153
0.00139      0.0691806      0.0175018      0.0866824
0.001404      0.0695018      0.0175357      0.0870375
0.001418      0.0698113      0.0175703      0.0873816
0.001432      0.0701098      0.0176056      0.0877154
0.001446      0.0703982      0.0176417      0.0880399
0.00146      0.0706773      0.0176786      0.0883558
0.001474      0.0709477      0.0177161      0.0886639
0.001488      0.0712103      0.0177545      0.0889648
0.001502      0.0714657      0.0177935      0.0892592
0.001516      0.0717145      0.0178333      0.0895478
0.00153      0.0719574      0.0178738      0.0898312
0.001544      0.0721949      0.0179149      0.0901098
0.001558      0.0724275      0.0179568      0.0903843
0.001572      0.0726558      0.0179993      0.090655
0.001586      0.0728801      0.0180424      0.0909225
0.0016      0.0731011      0.0180861      0.0911872
0.001614      0.073319      0.0181305      0.0914495
0.001628      0.0735342      0.0181754      0.0917096
0.001642      0.0737471      0.0182209      0.0919681
0.001656      0.0739581      0.018267      0.0922251
0.00167      0.0741674      0.0183135      0.0924809
0.001684      0.0743753      0.0183606      0.0927359
0.001698      0.0745821      0.0184081      0.0929902
0.001712      0.074788      0.0184562      0.0932441
0.001726      0.0749932      0.0185046      0.0934978
0.00174      0.075198      0.0185535      0.0937514
0.001754      0.0754024      0.0186028      0.0940052
0.001768      0.0756067      0.0186524      0.0942592
0.001782      0.0758111      0.0187025      0.0945135
0.001796      0.0760156      0.0187529      0.0947684
0.00181      0.0762203      0.0188036      0.0950239
0.001824      0.0764254      0.0188546      0.09528
0.001838      0.076631      0.0189059      0.095537
0.001852      0.0768372      0.0189575      0.0957947
0.001866      0.077044      0.0190094      0.0960534
0.00188      0.0772514      0.0190615      0.0963129
0.001894      0.0774596      0.0191139      0.0965735
0.001908      0.0776686      0.0191665      0.096835
0.001922      0.0778784      0.0192192      0.0970976
0.001936      0.078089      0.0192722      0.0973612
0.00195      0.0783005      0.0193254      0.0976259
0.001964      0.0785129      0.0193787      0.0978916
0.001978      0.0787262      0.0194322      0.0981584
0.001992      0.0789403      0.0194859      0.0984262
0.002006      0.0791554      0.0195397      0.0986951
0.00202      0.0793714      0.0195936      0.098965
0.002034      0.0795882      0.0196477      0.0992359
0.002048      0.079806      0.0197019      0.0995079
0.002062      0.0800246      0.0197562      0.0997807
0.002076      0.080244      0.0198106      0.100055
0.00209      0.0804643      0.019865      0.100329
0.002104      0.0806854      0.0199196      0.100605
0.002118      0.0809073      0.0199743      0.100882
0.002132      0.08113      0.020029      0.101159
0.002146      0.0813533      0.0200838      0.101437
0.00216      0.0815775      0.0201386      0.101716
0.002174      0.0818023      0.0201936      0.101996
0.002188      0.0820277      0.0202485      0.102276
0.002202      0.0822538      0.0203036      0.102557
0.002216      0.0824805      0.0203586      0.102839
0.00223      0.0827078      0.0204138      0.103122
0.002244      0.0829357      0.0204689      0.103405
0.002258      0.0831641      0.0205241      0.103688
0.002272      0.0833929      0.0205793      0.103972
0.002286      0.0836223      0.0206346      0.104257
0.0023      0.0838521      0.0206899      0.104542
0.002314      0.0840823      0.0207452      0.104827
0.002328      0.0843129      0.0208005      0.105113
0.002342      0.0845439      0.0208558      0.1054
0.002356      0.0847752      0.0209112      0.105686
0.00237      0.0850069      0.0209666      0.105973
0.002384      0.0852389      0.0210219      0.106261
0.002398      0.0854712      0.0210773      0.106548
0.002412      0.0857037      0.0211327      0.106836
0.002426      0.0859365      0.0211881      0.107125
0.00244      0.0861695      0.0212434      0.107413
0.002454      0.0864027      0.0212988      0.107702
0.002468      0.0866361      0.0213542      0.10799
0.002482      0.0868697      0.0214095      0.108279
0.002496      0.0871035      0.0214649      0.108568
0.00251      0.0873375      0.0215202      0.108858
0.002524      0.0875716      0.0215755      0.109147
0.002538      0.0878058      0.0216308      0.109437
0.002552      0.0880402      0.0216861      0.109726
0.002566      0.0882747      0.0217413      0.110016
0.00258      0.0885093      0.0217965      0.110306
0.002594      0.088744      0.0218516      0.110596
0.002608      0.0889788      0.0219068      0.110886
0.002622      0.0892137      0.0219619      0.111176
0.002636      0.0894488      0.0220169      0.111466
0.00265      0.0896839      0.0220719      0.111756
0.002664      0.0899191      0.0221269      0.112046
0.002678      0.0901544      0.0221818      0.112336
0.002692      0.0903899      0.0222366      0.112626
0.002706      0.0906254      0.0222914      0.112917
0.00272      0.090861      0.0223461      0.113207
0.002734      0.0910967      0.0224008      0.113498
0.002748      0.0913326      0.0224554      0.113788
0.002762      0.0915685      0.0225099      0.114078
0.002776      0.0918046      0.0225644      0.114369
0.00279      0.0920408      0.0226187      0.11466
0.002804      0.0922771      0.022673      0.11495
0.002818      0.0925136      0.0227272      0.115241
0.002832      0.0927503      0.0227814      0.115532
0.002846      0.0929871      0.0228354      0.115822
0.00286      0.093224      0.0228893      0.116113
0.002874      0.0934612      0.0229432      0.116404
0.002888      0.0936985      0.0229969      0.116695
0.002902      0.093936      0.0230506      0.116987
0.002916      0.0941738      0.0231041      0.117278
0.00293      0.0944117      0.0231576      0.117569
0.002944      0.0946499      0.0232109      0.117861
0.002958      0.0948884      0.0232641      0.118152
0.002972      0.0951271      0.0233172      0.118444
0.002986      0.0953661      0.0233702      0.118736
0.003      0.0956054      0.023423      0.119028
