0.01      0.411896      0.226225      0.638121
0.010125      0.418934      0.2258      0.644733
0.01025      0.426234      0.225321      0.651555
0.010375      0.433807      0.224792      0.658599
0.0105      0.44166      0.224219      0.665879
0.010625      0.449802      0.223605      0.673408
0.01075      0.458241      0.222958      0.681199
0.010875      0.466982      0.222282      0.689264
0.011      0.47603      0.221584      0.697614
0.011125      0.485389      0.220868      0.706258
0.01125      0.495062      0.220142      0.715204
0.011375      0.505048      0.219411      0.724459
0.0115      0.515348      0.21868      0.734028
0.011625      0.525961      0.217954      0.743915
0.01175      0.536882      0.217238      0.754121
0.011875      0.548109      0.216537      0.764646
0.012      0.559635      0.215853      0.775489
0.012125      0.571454      0.215192      0.786646
0.01225      0.583558      0.214555      0.798113
0.012375      0.595938      0.213946      0.809884
0.0125      0.608584      0.213367      0.821951
0.012625      0.621486      0.212819      0.834305
0.01275      0.634632      0.212303      0.846935
0.012875      0.64801      0.21182      0.859831
0.013      0.661607      0.211372      0.872979
0.013125      0.67541      0.210957      0.886367
0.01325      0.689404      0.210575      0.899979
0.013375      0.703577      0.210226      0.913802
0.0135      0.717912      0.209908      0.927821
0.013625      0.732396      0.209621      0.942018
0.01375      0.747014      0.209363      0.956377
0.013875      0.761751      0.209132      0.970883
0.014      0.776593      0.208926      0.985519
0.014125      0.791524      0.208743      1.00027
0.01425      0.806531      0.208581      1.01511
0.014375      0.821598      0.208438      1.03004
0.0145      0.836712      0.208311      1.04502
0.014625      0.851859      0.208197      1.06006
0.01475      0.867027      0.208095      1.07512
0.014875      0.882201      0.208002      1.0902
0.015      0.897369      0.207916      1.10528
0.015125      0.912519      0.207833      1.12035
0.01525      0.92764      0.207752      1.13539
0.015375      0.942719      0.207671      1.15039
0.0155      0.957748      0.207587      1.16533
0.015625      0.972715      0.207498      1.18021
0.01575      0.987611      0.207403      1.19501
0.015875      1.00243      0.207299      1.20973
0.016      1.01715      0.207185      1.22434
0.016125      1.03178      0.20706      1.23884
0.01625      1.04631      0.20692      1.25323
0.016375      1.06072      0.206767      1.26749
0.0165      1.07502      0.206597      1.28162
0.016625      1.08919      0.206411      1.2956
0.01675      1.10323      0.206208      1.30944
0.016875      1.11714      0.205986      1.32313
0.017      1.13091      0.205745      1.33666
0.017125      1.14454      0.205484      1.35003
0.01725      1.15802      0.205204      1.36323
0.017375      1.17136      0.204904      1.37626
0.0175      1.18454      0.204584      1.38912
0.017625      1.19756      0.204244      1.40181
0.01775      1.21043      0.203884      1.41431
0.017875      1.22314      0.203505      1.42665
0.018      1.23569      0.203106      1.4388
0.018125      1.24808      0.202689      1.45077
0.01825      1.26032      0.202253      1.46257
0.018375      1.27239      0.2018      1.47419
0.0185      1.28429      0.20133      1.48562
0.018625      1.29604      0.200844      1.49689
0.01875      1.30763      0.200342      1.50797
0.018875      1.31906      0.199827      1.51888
0.019      1.33033      0.199297      1.52962
0.019125      1.34144      0.198755      1.54019
0.01925      1.35239      0.198202      1.5506
0.019375      1.36319      0.197638      1.56083
0.0195      1.37384      0.197064      1.57091
0.019625      1.38434      0.196482      1.58082
0.01975      1.39469      0.195893      1.59058
0.019875      1.40488      0.195298      1.60018
0.02      1.41494      0.194697      1.60964
0.020125      1.42485      0.194092      1.61894
0.02025      1.43462      0.193485      1.62811
0.020375      1.44425      0.192875      1.63713
0.0205      1.45375      0.192264      1.64602
0.020625      1.46312      0.191654      1.65477
0.02075      1.47235      0.191045      1.6634
0.020875      1.48146      0.190437      1.6719
0.021      1.49044      0.189833      1.68027
0.021125      1.4993      0.189233      1.68853
0.02125      1.50804      0.188638      1.69668
0.021375      1.51667      0.188048      1.70471
0.0215      1.52518      0.187465      1.71264
0.021625      1.53358      0.186889      1.72047
0.02175      1.54187      0.186321      1.72819
0.021875      1.55006      0.185762      1.73582
0.022      1.55815      0.185212      1.74336
0.022125      1.56614      0.184672      1.75081
0.02225      1.57403      0.184143      1.75817
0.022375      1.58183      0.183625      1.76545
0.0225      1.58954      0.183118      1.77266
0.022625      1.59716      0.182624      1.77979
0.02275      1.6047      0.182141      1.78684
0.022875      1.61216      0.181672      1.79383
0.023      1.61954      0.181216      1.80075
0.023125      1.62684      0.180773      1.80761
0.02325      1.63407      0.180343      1.81441
0.023375      1.64123      0.179928      1.82116
0.0235      1.64833      0.179526      1.82785
0.023625      1.65536      0.179139      1.83449
0.02375      1.66232      0.178765      1.84109
0.023875      1.66923      0.178406      1.84764
0.024      1.67609      0.178061      1.85415
0.024125      1.68289      0.177731      1.86062
0.02425      1.68964      0.177414      1.86705
0.024375      1.69634      0.177112      1.87346
0.0245      1.703      0.176824      1.87982
0.024625      1.70962      0.176549      1.88617
0.02475      1.71619      0.176289      1.89248
0.024875      1.72273      0.176041      1.89877
0.025      1.72923      0.175808      1.90504
0.025125      1.73571      0.175587      1.91129
0.02525      1.74215      0.175379      1.91753
0.025375      1.74856      0.175184      1.92375
0.0255      1.75495      0.175001      1.92995
0.025625      1.76132      0.17483      1.93615
0.02575      1.76767      0.174671      1.94234
0.025875      1.774      0.174523      1.94852
0.026      1.78032      0.174386      1.9547
0.026125      1.78662      0.17426      1.96088
0.02625      1.79292      0.174145      1.96706
0.026375      1.7992      0.174039      1.97324
0.0265      1.80548      0.173943      1.97943
0.026625      1.81176      0.173856      1.98562
0.02675      1.81804      0.173778      1.99182
0.026875      1.82432      0.173709      1.99803
0.027      1.8306      0.173647      2.00425
0.027125      1.83689      0.173593      2.01048
0.02725      1.84318      0.173547      2.01673
0.027375      1.84949      0.173507      2.023
0.0275      1.85581      0.173474      2.02928
0.027625      1.86214      0.173447      2.03559
0.02775      1.86849      0.173426      2.04192
0.027875      1.87486      0.17341      2.04827
0.028      1.88125      0.173399      2.05465
0.028125      1.88766      0.173393      2.06106
0.02825      1.8941      0.173391      2.06749
0.028375      1.90057      0.173392      2.07396
0.0285      1.90706      0.173398      2.08046
0.028625      1.91359      0.173406      2.08699
0.02875      1.92015      0.173417      2.09356
0.028875      1.92674      0.173431      2.10017
0.029      1.93337      0.173447      2.10682
0.029125      1.94004      0.173464      2.11351
0.02925      1.94675      0.173483      2.12024
0.029375      1.95351      0.173504      2.12701
0.0295      1.9603      0.173525      2.13383
0.029625      1.96715      0.173547      2.14069
0.02975      1.97404      0.173569      2.14761
0.029875      1.98098      0.173592      2.15458
0.03      1.98798      0.173614      2.16159
0.030125      1.99503      0.173636      2.16866
0.03025      2.00213      0.173657      2.17579
0.030375      2.00929      0.173678      2.18297
0.0305      2.01651      0.173697      2.19021
0.030625      2.02379      0.173715      2.19751
0.03075      2.03114      0.173732      2.20487
0.030875      2.03855      0.173747      2.21229
0.031      2.04602      0.17376      2.21978
0.031125      2.05356      0.173771      2.22733
0.03125      2.06117      0.173781      2.23495
0.031375      2.06885      0.173788      2.24264
0.0315      2.0766      0.173792      2.2504
0.031625      2.08443      0.173794      2.25822
0.03175      2.09233      0.173794      2.26613
0.031875      2.10031      0.173791      2.2741
0.032      2.10837      0.173785      2.28215
0.032125      2.11651      0.173776      2.29028
0.03225      2.12473      0.173764      2.29849
0.032375      2.13303      0.173749      2.30678
0.0325      2.14141      0.173731      2.31515
0.032625      2.14989      0.17371      2.3236
0.03275      2.15845      0.173686      2.33213
0.032875      2.16709      0.173659      2.34075
0.033      2.17583      0.173628      2.34946
0.033125      2.18466      0.173594      2.35826
0.03325      2.19359      0.173557      2.36714
0.033375      2.2026      0.173517      2.37612
0.0335      2.21172      0.173473      2.38519
0.033625      2.22093      0.173427      2.39435
0.03375      2.23024      0.173377      2.40361
0.033875      2.23964      0.173323      2.41297
0.034      2.24915      0.173267      2.42242
