0.01      0.443993      0.18026      0.624253
0.010125      0.456475      0.179996      0.636471
0.01025      0.469244      0.179731      0.648974
0.010375      0.482281      0.179464      0.661746
0.0105      0.495569      0.179197      0.674766
0.010625      0.509088      0.178928      0.688016
0.01075      0.522818      0.178657      0.701476
0.010875      0.536741      0.178385      0.715126
0.011      0.550835      0.178112      0.728946
0.011125      0.56508      0.177836      0.742917
0.01125      0.579457      0.177559      0.757016
0.011375      0.593945      0.17728      0.771225
0.0115      0.608524      0.177      0.785523
0.011625      0.623174      0.176717      0.799891
0.01175      0.637877      0.176432      0.814309
0.011875      0.652613      0.176145      0.828758
0.012      0.667363      0.175857      0.84322
0.012125      0.682111      0.175566      0.857677
0.01225      0.696838      0.175274      0.872112
0.012375      0.711528      0.174979      0.886507
0.0125      0.726164      0.174683      0.900847
0.012625      0.740732      0.174385      0.915116
0.01275      0.755216      0.174085      0.929301
0.012875      0.769603      0.173783      0.943386
0.013      0.783881      0.173479      0.95736
0.013125      0.798035      0.173174      0.971209
0.01325      0.812055      0.172868      0.984923
0.013375      0.825931      0.17256      0.998491
0.0135      0.839652      0.172251      1.0119
0.013625      0.853209      0.17194      1.02515
0.01375      0.866593      0.171629      1.03822
0.013875      0.879798      0.171317      1.05111
0.014      0.892815      0.171003      1.06382
0.014125      0.90564      0.170689      1.07633
0.01425      0.918267      0.170375      1.08864
0.014375      0.93069      0.17006      1.10075
0.0145      0.942906      0.169745      1.11265
0.014625      0.954912      0.169429      1.12434
0.01475      0.966704      0.169114      1.13582
0.014875      0.978281      0.168799      1.14708
0.015      0.989641      0.168484      1.15813
0.015125      1.00078      0.168169      1.16895
0.01525      1.01171      0.167855      1.17956
0.015375      1.02241      0.167542      1.18995
0.0155      1.0329      0.16723      1.20013
0.015625      1.04317      0.166919      1.21009
0.01575      1.05322      0.166609      1.21983
0.015875      1.06306      0.1663      1.22936
0.016      1.07268      0.165992      1.23868
0.016125      1.0821      0.165687      1.24779
0.01625      1.09131      0.165383      1.25669
0.016375      1.10032      0.16508      1.2654
0.0165      1.10912      0.16478      1.2739
0.016625      1.11773      0.164482      1.28221
0.01675      1.12614      0.164186      1.29032
0.016875      1.13436      0.163893      1.29825
0.017      1.1424      0.163601      1.306
0.017125      1.15025      0.163313      1.31357
0.01725      1.15793      0.163027      1.32096
0.017375      1.16544      0.162744      1.32818
0.0175      1.17277      0.162463      1.33524
0.017625      1.17995      0.162186      1.34213
0.01775      1.18696      0.161911      1.34887
0.017875      1.19382      0.16164      1.35546
0.018      1.20053      0.161371      1.36191
0.018125      1.2071      0.161106      1.36821
0.01825      1.21353      0.160844      1.37438
0.018375      1.21983      0.160586      1.38041
0.0185      1.22599      0.160331      1.38632
0.018625      1.23203      0.160079      1.39211
0.01875      1.23795      0.159831      1.39779
0.018875      1.24376      0.159586      1.40335
0.019      1.24946      0.159344      1.40881
0.019125      1.25506      0.159107      1.41416
0.01925      1.26055      0.158873      1.41942
0.019375      1.26595      0.158642      1.42459
0.0195      1.27126      0.158415      1.42967
0.019625      1.27648      0.158192      1.43467
0.01975      1.28162      0.157972      1.4396
0.019875      1.28669      0.157756      1.44445
0.02      1.29168      0.157543      1.44923
0.020125      1.29661      0.157334      1.45395
0.02025      1.30147      0.157129      1.4586
0.020375      1.30628      0.156927      1.46321
0.0205      1.31103      0.156729      1.46776
0.020625      1.31573      0.156535      1.47226
0.02075      1.32038      0.156344      1.47672
0.020875      1.32499      0.156156      1.48114
0.021      1.32956      0.155972      1.48553
0.021125      1.33409      0.155792      1.48988
0.02125      1.3386      0.155615      1.49421
0.021375      1.34307      0.155441      1.49851
0.0215      1.34752      0.155271      1.50279
0.021625      1.35195      0.155104      1.50706
0.02175      1.35637      0.154941      1.51131
0.021875      1.36077      0.154781      1.51555
0.022      1.36515      0.154624      1.51978
0.022125      1.36953      0.15447      1.524
0.02225      1.37391      0.154319      1.52823
0.022375      1.37828      0.154171      1.53246
0.0225      1.38266      0.154027      1.53669
0.022625      1.38704      0.153885      1.54092
0.02275      1.39142      0.153747      1.54517
0.022875      1.39582      0.153611      1.54943
0.023      1.40023      0.153479      1.55371
0.023125      1.40465      0.153349      1.558
0.02325      1.40909      0.153222      1.56231
0.023375      1.41355      0.153098      1.56665
0.0235      1.41803      0.152976      1.57101
0.023625      1.42254      0.152857      1.57539
0.02375      1.42707      0.152741      1.57981
0.023875      1.43163      0.152627      1.58426
0.024      1.43622      0.152516      1.58874
0.024125      1.44085      0.152407      1.59326
0.02425      1.44551      0.1523      1.59781
0.024375      1.45021      0.152196      1.60241
0.0245      1.45495      0.152094      1.60704
0.024625      1.45973      0.151995      1.61173
0.02475      1.46455      0.151898      1.61645
0.024875      1.46942      0.151803      1.62123
0.025      1.47434      0.15171      1.62605
0.025125      1.47931      0.151619      1.63092
0.02525      1.48432      0.15153      1.63585
0.025375      1.48939      0.151443      1.64083
0.0255      1.49451      0.151358      1.64587
0.025625      1.49969      0.151275      1.65097
0.02575      1.50493      0.151194      1.65612
0.025875      1.51022      0.151115      1.66133
0.026      1.51558      0.151037      1.66661
0.026125      1.52099      0.150961      1.67195
0.02625      1.52647      0.150887      1.67736
0.026375      1.53202      0.150815      1.68284
0.0265      1.53763      0.150744      1.68838
0.026625      1.54332      0.150674      1.69399
0.02675      1.54907      0.150607      1.69967
0.026875      1.55489      0.15054      1.70543
0.027      1.56079      0.150476      1.71126
0.027125      1.56676      0.150412      1.71717
0.02725      1.5728      0.15035      1.72315
0.027375      1.57892      0.150289      1.72921
0.0275      1.58512      0.15023      1.73535
0.027625      1.5914      0.150172      1.74157
0.02775      1.59776      0.150115      1.74788
0.027875      1.60421      0.150059      1.75427
0.028      1.61073      0.150005      1.76074
0.028125      1.61735      0.149951      1.7673
0.02825      1.62405      0.149899      1.77395
0.028375      1.63083      0.149848      1.78068
0.0285      1.63771      0.149798      1.78751
0.028625      1.64468      0.149748      1.79442
0.02875      1.65173      0.1497      1.80143
0.028875      1.65889      0.149653      1.80854
0.029      1.66613      0.149607      1.81574
0.029125      1.67347      0.149561      1.82304
0.02925      1.68091      0.149516      1.83043
0.029375      1.68845      0.149472      1.83792
0.0295      1.69609      0.149429      1.84552
0.029625      1.70383      0.149387      1.85321
0.02975      1.71167      0.149345      1.86101
0.029875      1.71961      0.149305      1.86892
0.03      1.72766      0.149264      1.87692
0.030125      1.73582      0.149225      1.88504
0.03025      1.74408      0.149186      1.89326
0.030375      1.75245      0.149147      1.9016
0.0305      1.76093      0.14911      1.91004
0.030625      1.76953      0.149072      1.9186
0.03075      1.77823      0.149035      1.92727
0.030875      1.78705      0.148999      1.93605
0.031      1.79599      0.148963      1.94495
0.031125      1.80504      0.148928      1.95397
0.03125      1.81421      0.148893      1.96311
0.031375      1.8235      0.148858      1.97236
0.0315      1.83291      0.148824      1.98174
0.031625      1.84245      0.14879      1.99124
0.03175      1.8521      0.148756      2.00086
0.031875      1.86188      0.148723      2.0106
0.032      1.87179      0.14869      2.02048
0.032125      1.88182      0.148657      2.03048
0.03225      1.89198      0.148624      2.04061
0.032375      1.90227      0.148591      2.05086
0.0325      1.91269      0.148559      2.06125
0.032625      1.92325      0.148527      2.07177
0.03275      1.93393      0.148495      2.08243
0.032875      1.94476      0.148462      2.09322
0.033      1.95571      0.14843      2.10414
0.033125      1.96681      0.148398      2.11521
0.03325      1.97804      0.148367      2.12641
0.033375      1.98941      0.148335      2.13775
0.0335      2.00093      0.148303      2.14923
0.033625      2.01258      0.148271      2.16085
0.03375      2.02438      0.148238      2.17262
0.033875      2.03632      0.148206      2.18453
0.034      2.04841      0.148174      2.19659
0.034125      2.06065      0.148142      2.20879
0.03425      2.07303      0.148109      2.22114
0.034375      2.08556      0.148076      2.23364
0.0345      2.09825      0.148043      2.24629
0.034625      2.11108      0.14801      2.25909
0.03475      2.12407      0.147977      2.27204
0.034875      2.13721      0.147943      2.28515
0.035      2.1505      0.147909      2.29841
0.035125      2.16395      0.147875      2.31182
0.03525      2.17756      0.14784      2.3254
0.035375      2.19132      0.147805      2.33913
0.0355      2.20524      0.14777      2.35301
0.035625      2.21933      0.147735      2.36706
0.03575      2.23357      0.147699      2.38127
0.035875      2.24798      0.147662      2.39564
0.036      2.26254      0.147625      2.41017
0.036125      2.27728      0.147588      2.42486
0.03625      2.29217      0.147551      2.43972
0.036375      2.30723      0.147512      2.45475
0.0365      2.32246      0.147474      2.46994
0.036625      2.33786      0.147435      2.48529
0.03675      2.35342      0.147395      2.50081
0.036875      2.36915      0.147355      2.51651
0.037      2.38505      0.147314      2.53237
0.037125      2.40112      0.147273      2.5484
0.03725      2.41736      0.147231      2.5646
