0.002      0.0635194      0.0680584      0.131578
0.00207      0.0640968      0.0681552      0.132252
0.00214      0.0648552      0.0682512      0.133106
0.00221      0.0658227      0.0683464      0.134169
0.00228      0.0670273      0.0684408      0.135468
0.00235      0.068496      0.0685343      0.13703
0.00242      0.0702542      0.0686269      0.138881
0.00249      0.0723244      0.0687182      0.141043
0.00256      0.074726      0.0688081      0.143534
0.00263      0.0774745      0.0688964      0.146371
0.0027      0.0805809      0.0689826      0.149563
0.00277      0.0840514      0.0690666      0.153118
0.00284      0.0878878      0.0691479      0.157036
0.00291      0.0920865      0.0692262      0.161313
0.00298      0.0966396      0.0693011      0.165941
0.00305      0.101535      0.0693723      0.170907
0.00312      0.106755      0.0694396      0.176195
0.00319      0.112281      0.0695025      0.181783
0.00326      0.118088      0.0695609      0.187649
0.00333      0.124151      0.0696144      0.193766
0.0034      0.130443      0.0696629      0.200106
0.00347      0.136933      0.0697063      0.206639
0.00354      0.143591      0.0697444      0.213336
0.00361      0.150387      0.0697772      0.220164
0.00368      0.157289      0.0698047      0.227094
0.00375      0.164268      0.069827      0.234095
0.00382      0.171293      0.0698441      0.241137
0.00389      0.178337      0.0698562      0.248193
0.00396      0.185373      0.0698634      0.255236
0.00403      0.192374      0.0698661      0.26224
0.0041      0.199319      0.0698644      0.269183
0.00417      0.206185      0.0698587      0.276043
0.00424      0.212952      0.0698493      0.282802
0.00431      0.219604      0.0698366      0.289441
0.00438      0.226125      0.069821      0.295946
0.00445      0.232501      0.0698028      0.302304
0.00452      0.238721      0.0697825      0.308504
0.00459      0.244776      0.0697605      0.314536
0.00466      0.250657      0.0697373      0.320394
0.00473      0.256358      0.0697131      0.326072
0.0048      0.261876      0.0696886      0.331565
0.00487      0.267207      0.069664      0.336871
0.00494      0.272349      0.0696399      0.341989
0.00501      0.277303      0.0696165      0.346919
0.00508      0.282068      0.0695942      0.351662
0.00515      0.286647      0.0695735      0.35622
0.00522      0.291041      0.0695545      0.360596
0.00529      0.295255      0.0695377      0.364793
0.00536      0.299292      0.0695234      0.368816
0.00543      0.303158      0.0695117      0.372669
0.0055      0.306856      0.069503      0.376359
0.00557      0.310393      0.0694973      0.37989
0.00564      0.313773      0.069495      0.383268
0.00571      0.317004      0.0694962      0.3865
0.00578      0.320091      0.0695009      0.389592
0.00585      0.323041      0.0695094      0.39255
0.00592      0.32586      0.0695217      0.395381
0.00599      0.328554      0.0695378      0.398091
0.00606      0.331129      0.0695578      0.400687
0.00613      0.333593      0.0695817      0.403174
0.0062      0.33595      0.0696096      0.40556
0.00627      0.338208      0.0696413      0.407849
0.00634      0.340372      0.0696769      0.410049
0.00641      0.342447      0.0697163      0.412164
0.00648      0.344441      0.0697594      0.4142
0.00655      0.346357      0.0698062      0.416163
0.00662      0.348201      0.0698566      0.418058
0.00669      0.349979      0.0699104      0.419889
0.00676      0.351694      0.0699676      0.421662
0.00683      0.353353      0.070028      0.423381
0.0069      0.354958      0.0700915      0.42505
0.00697      0.356515      0.0701581      0.426673
0.00704      0.358027      0.0702274      0.428254
0.00711      0.359498      0.0702995      0.429797
0.00718      0.360931      0.0703742      0.431306
0.00725      0.362331      0.0704513      0.432782
0.00732      0.363699      0.0705307      0.43423
0.00739      0.36504      0.0706123      0.435653
0.00746      0.366356      0.0706959      0.437052
0.00753      0.367649      0.0707813      0.438431
0.0076      0.368922      0.0708685      0.439791
0.00767      0.370178      0.0709573      0.441135
0.00774      0.371418      0.0710476      0.442465
0.00781      0.372644      0.0711392      0.443783
0.00788      0.373858      0.0712321      0.44509
0.00795      0.375062      0.0713261      0.446388
0.00802      0.376258      0.071421      0.447679
0.00809      0.377446      0.0715169      0.448963
0.00816      0.378629      0.0716135      0.450242
0.00823      0.379806      0.0717109      0.451517
0.0083      0.380981      0.0718088      0.452789
0.00837      0.382152      0.0719072      0.454059
0.00844      0.383322      0.072006      0.455328
0.00851      0.384491      0.0721052      0.456596
0.00858      0.38566      0.0722046      0.457865
0.00865      0.38683      0.0723042      0.459134
0.00872      0.388      0.072404      0.460404
0.00879      0.389173      0.0725038      0.461676
0.00886      0.390347      0.0726036      0.462951
0.00893      0.391524      0.0727035      0.464227
0.009      0.392704      0.0728032      0.465507
0.00907      0.393887      0.0729028      0.46679
0.00914      0.395073      0.0730022      0.468076
0.00921      0.396264      0.0731015      0.469365
0.00928      0.397458      0.0732006      0.470659
0.00935      0.398657      0.0732994      0.471956
0.00942      0.399859      0.0733979      0.473257
0.00949      0.401066      0.0734961      0.474563
0.00956      0.402278      0.0735941      0.475872
0.00963      0.403495      0.0736917      0.477186
0.0097      0.404716      0.073789      0.478505
0.00977      0.405942      0.0738859      0.479828
0.00984      0.407172      0.0739825      0.481155
0.00991      0.408408      0.0740788      0.482487
0.00998      0.409649      0.0741747      0.483823
0.01005      0.410894      0.0742703      0.485164
0.01012      0.412145      0.0743655      0.48651
0.01019      0.4134      0.0744603      0.487861
0.01026      0.414661      0.0745549      0.489216
0.01033      0.415927      0.0746491      0.490576
0.0104      0.417198      0.0747429      0.491941
0.01047      0.418474      0.0748365      0.493311
0.01054      0.419756      0.0749297      0.494686
0.01061      0.421043      0.0750226      0.496065
0.01068      0.422335      0.0751152      0.49745
0.01075      0.423632      0.0752075      0.49884
0.01082      0.424936      0.0752996      0.500235
0.01089      0.426244      0.0753914      0.501636
0.01096      0.427559      0.0754829      0.503042
0.01103      0.428879      0.0755742      0.504453
0.0111      0.430205      0.0756652      0.50587
0.01117      0.431537      0.075756      0.507293
0.01124      0.432875      0.0758466      0.508722
0.01131      0.43422      0.0759369      0.510157
0.01138      0.435571      0.0760271      0.511598
0.01145      0.436928      0.0761171      0.513045
0.01152      0.438292      0.0762068      0.514499
0.01159      0.439663      0.0762964      0.51596
0.01166      0.441042      0.0763859      0.517427
0.01173      0.442427      0.0764751      0.518902
0.0118      0.44382      0.0765643      0.520384
0.01187      0.44522      0.0766532      0.521873
0.01194      0.446628      0.076742      0.52337
0.01201      0.448045      0.0768307      0.524875
0.01208      0.449469      0.0769192      0.526388
0.01215      0.450902      0.0770076      0.52791
0.01222      0.452344      0.0770959      0.52944
0.01229      0.453795      0.077184      0.530979
0.01236      0.455254      0.077272      0.532526
0.01243      0.456724      0.0773598      0.534084
0.0125      0.458203      0.0774475      0.53565
0.01257      0.459692      0.0775351      0.537227
0.01264      0.461191      0.0776226      0.538814
0.01271      0.462701      0.0777099      0.540411
0.01278      0.464221      0.0777971      0.542018
0.01285      0.465753      0.0778841      0.543637
0.01292      0.467295      0.077971      0.545266
0.01299      0.46885      0.0780577      0.546907
0.01306      0.470416      0.0781443      0.54856
0.01313      0.471994      0.0782307      0.550224
0.0132      0.473584      0.078317      0.551901
0.01327      0.475187      0.0784031      0.55359
0.01334      0.476803      0.0784889      0.555292
0.01341      0.478432      0.0785746      0.557007
0.01348      0.480075      0.0786601      0.558735
0.01355      0.481731      0.0787454      0.560477
0.01362      0.483402      0.0788305      0.562232
0.01369      0.485086      0.0789154      0.564001
0.01376      0.486785      0.079      0.565785
0.01383      0.488499      0.0790844      0.567583
0.0139      0.490228      0.0791685      0.569396
0.01397      0.491972      0.0792524      0.571224
0.01404      0.493731      0.079336      0.573067
0.01411      0.495507      0.0794193      0.574926
0.01418      0.497298      0.0795023      0.5768
0.01425      0.499106      0.079585      0.578691
0.01432      0.50093      0.0796674      0.580597
0.01439      0.502771      0.0797495      0.58252
0.01446      0.504628      0.0798312      0.58446
0.01453      0.506503      0.0799126      0.586416
0.0146      0.508396      0.0799936      0.588389
0.01467      0.510306      0.0800743      0.59038
0.01474      0.512234      0.0801546      0.592388
0.01481      0.51418      0.0802345      0.594414
0.01488      0.516144      0.080314      0.596458
0.01495      0.518126      0.0803931      0.598519
0.01502      0.520128      0.0804717      0.600599
0.01509      0.522148      0.0805499      0.602698
0.01516      0.524187      0.0806277      0.604814
0.01523      0.526245      0.080705      0.60695
0.0153      0.528323      0.0807819      0.609104
0.01537      0.53042      0.0808583      0.611278
0.01544      0.532536      0.0809342      0.613471
0.01551      0.534673      0.0810096      0.615683
0.01558      0.53683      0.0810845      0.617914
0.01565      0.539007      0.0811589      0.620166
0.01572      0.541204      0.0812328      0.622437
0.01579      0.543421      0.0813061      0.624727
0.01586      0.545659      0.0813789      0.627038
0.01593      0.547918      0.0814512      0.629369
0.016      0.550198      0.0815229      0.631721
