0.005      0.171119      0.144851      0.31597
0.005125      0.173634      0.144715      0.318349
0.00525      0.176493      0.144581      0.321073
0.005375      0.179725      0.144446      0.324172
0.0055      0.18336      0.144313      0.327673
0.005625      0.187423      0.144179      0.331602
0.00575      0.191938      0.144046      0.335984
0.005875      0.196926      0.143913      0.340839
0.006      0.202405      0.14378      0.346185
0.006125      0.20839      0.143647      0.352037
0.00625      0.21489      0.143514      0.358404
0.006375      0.221914      0.143379      0.365294
0.0065      0.229464      0.143245      0.372709
0.006625      0.237538      0.143109      0.380647
0.00675      0.246131      0.142972      0.389103
0.006875      0.255234      0.142833      0.398067
0.007      0.264833      0.142693      0.407526
0.007125      0.274913      0.142551      0.417464
0.00725      0.285453      0.142407      0.427859
0.007375      0.29643      0.14226      0.43869
0.0075      0.30782      0.14211      0.44993
0.007625      0.319594      0.141958      0.461552
0.00775      0.331723      0.141803      0.473526
0.007875      0.344176      0.141644      0.48582
0.008      0.35692      0.141482      0.498401
0.008125      0.369921      0.141316      0.511237
0.00825      0.383146      0.141146      0.524292
0.008375      0.39656      0.140972      0.537533
0.0085      0.41013      0.140794      0.550925
0.008625      0.423821      0.140613      0.564434
0.00875      0.4376      0.140427      0.578027
0.008875      0.451435      0.140237      0.591671
0.009      0.465293      0.140042      0.605335
0.009125      0.479145      0.139844      0.618989
0.00925      0.492961      0.139641      0.632603
0.009375      0.506715      0.139435      0.64615
0.0095      0.520379      0.139225      0.659604
0.009625      0.53393      0.139011      0.672941
0.00975      0.547345      0.138793      0.686138
0.009875      0.560602      0.138573      0.699174
0.01      0.573682      0.138349      0.712031
0.010125      0.586569      0.138122      0.724691
0.01025      0.599245      0.137893      0.737137
0.010375      0.611697      0.137661      0.749358
0.0105      0.623912      0.137427      0.761339
0.010625      0.63588      0.137191      0.773071
0.01075      0.647592      0.136954      0.784545
0.010875      0.659038      0.136715      0.795753
0.011      0.670214      0.136476      0.80669
0.011125      0.681115      0.136235      0.81735
0.01125      0.691736      0.135995      0.827731
0.011375      0.702075      0.135754      0.837829
0.0115      0.712131      0.135514      0.847645
0.011625      0.721904      0.135275      0.857179
0.01175      0.731395      0.135036      0.866431
0.011875      0.740605      0.134799      0.875404
0.012      0.749537      0.134563      0.8841
0.012125      0.758195      0.134328      0.892523
0.01225      0.766581      0.134096      0.900677
0.012375      0.774702      0.133866      0.908568
0.0125      0.782561      0.133639      0.9162
0.012625      0.790166      0.133414      0.92358
0.01275      0.797521      0.133193      0.930714
0.012875      0.804634      0.132974      0.937609
0.013      0.811512      0.132759      0.944271
0.013125      0.818161      0.132548      0.950708
0.01325      0.824588      0.13234      0.956928
0.013375      0.830802      0.132136      0.962938
0.0135      0.83681      0.131937      0.968747
0.013625      0.84262      0.131741      0.974361
0.01375      0.848239      0.13155      0.979789
0.013875      0.853676      0.131363      0.985039
0.014      0.858938      0.13118      0.990118
0.014125      0.864033      0.131002      0.995036
0.01425      0.868969      0.130829      0.999798
0.014375      0.873754      0.13066      1.00441
0.0145      0.878396      0.130496      1.00889
0.014625      0.882901      0.130337      1.01324
0.01475      0.887278      0.130182      1.01746
0.014875      0.891533      0.130032      1.02156
0.015      0.895674      0.129887      1.02556
0.015125      0.899708      0.129746      1.02945
0.01525      0.903641      0.12961      1.03325
0.015375      0.907481      0.129479      1.03696
0.0155      0.911233      0.129352      1.04058
0.015625      0.914904      0.129229      1.04413
0.01575      0.918501      0.129111      1.04761
0.015875      0.922029      0.128998      1.05103
0.016      0.925493      0.128888      1.05438
0.016125      0.9289      0.128783      1.05768
0.01625      0.932254      0.128682      1.06094
0.016375      0.935562      0.128585      1.06415
0.0165      0.938827      0.128492      1.06732
0.016625      0.942055      0.128403      1.07046
0.01675      0.94525      0.128317      1.07357
0.016875      0.948417      0.128235      1.07665
0.017      0.951561      0.128157      1.07972
0.017125      0.954684      0.128082      1.08277
0.01725      0.957791      0.128011      1.0858
0.017375      0.960885      0.127942      1.08883
0.0175      0.963972      0.127877      1.09185
0.017625      0.967053      0.127815      1.09487
0.01775      0.970132      0.127756      1.09789
0.017875      0.973212      0.127699      1.10091
0.018      0.976297      0.127646      1.10394
0.018125      0.979388      0.127595      1.10698
0.01825      0.98249      0.127546      1.11004
0.018375      0.985604      0.1275      1.1131
0.0185      0.988733      0.127456      1.11619
0.018625      0.991879      0.127415      1.11929
0.01875      0.995045      0.127376      1.12242
0.018875      0.998233      0.127338      1.12557
0.019      1.00144      0.127303      1.12875
0.019125      1.00468      0.127269      1.13195
0.01925      1.00795      0.127238      1.13519
0.019375      1.01124      0.127208      1.13845
0.0195      1.01457      0.127179      1.14175
0.019625      1.01793      0.127153      1.14508
0.01975      1.02132      0.127127      1.14845
0.019875      1.02475      0.127103      1.15186
0.02      1.02822      0.127081      1.1553
0.020125      1.03173      0.127059      1.15879
0.02025      1.03527      0.127039      1.16231
0.020375      1.03886      0.12702      1.16588
0.0205      1.04249      0.127003      1.1695
0.020625      1.04617      0.126986      1.17316
0.02075      1.04989      0.12697      1.17686
0.020875      1.05366      0.126955      1.18061
0.021      1.05747      0.126941      1.18442
0.021125      1.06134      0.126928      1.18827
0.02125      1.06525      0.126915      1.19217
0.021375      1.06922      0.126904      1.19612
0.0215      1.07323      0.126893      1.20013
0.021625      1.07731      0.126883      1.20419
0.02175      1.08143      0.126873      1.2083
0.021875      1.08561      0.126864      1.21247
0.022      1.08984      0.126855      1.2167
0.022125      1.09414      0.126847      1.22098
0.02225      1.09849      0.12684      1.22533
0.022375      1.1029      0.126833      1.22973
0.0225      1.10737      0.126827      1.23419
0.022625      1.1119      0.12682      1.23872
0.02275      1.11649      0.126815      1.24331
0.022875      1.12115      0.126809      1.24796
0.023      1.12587      0.126804      1.25267
0.023125      1.13065      0.1268      1.25745
0.02325      1.1355      0.126795      1.2623
0.023375      1.14042      0.126791      1.26721
0.0235      1.14541      0.126788      1.2722
0.023625      1.15047      0.126784      1.27725
0.02375      1.1556      0.126781      1.28238
0.023875      1.16079      0.126778      1.28757
0.024      1.16607      0.126775      1.29284
0.024125      1.17141      0.126772      1.29818
0.02425      1.17683      0.12677      1.3036
0.024375      1.18233      0.126767      1.3091
0.0245      1.18791      0.126765      1.31467
0.024625      1.19356      0.126763      1.32032
0.02475      1.19929      0.126761      1.32605
0.024875      1.20511      0.126759      1.33187
0.025      1.211      0.126757      1.33776
0.025125      1.21699      0.126755      1.34374
0.02525      1.22305      0.126754      1.34981
0.025375      1.2292      0.126752      1.35596
0.0255      1.23544      0.12675      1.36219
0.025625      1.24177      0.126749      1.36852
0.02575      1.24819      0.126747      1.37494
0.025875      1.2547      0.126745      1.38145
0.026      1.26131      0.126744      1.38805
0.026125      1.26801      0.126742      1.39475
0.02625      1.2748      0.12674      1.40154
0.026375      1.2817      0.126738      1.40844
0.0265      1.28869      0.126736      1.41543
0.026625      1.29578      0.126734      1.42252
0.02675      1.30298      0.126732      1.42971
0.026875      1.31028      0.12673      1.43701
0.027      1.31768      0.126727      1.44441
0.027125      1.32519      0.126725      1.45191
0.02725      1.33281      0.126722      1.45953
0.027375      1.34054      0.126719      1.46726
0.0275      1.34838      0.126716      1.47509
0.027625      1.35633      0.126713      1.48304
0.02775      1.3644      0.126709      1.4911
0.027875      1.37258      0.126705      1.49928
0.028      1.38088      0.126701      1.50758
0.028125      1.3893      0.126697      1.51599
0.02825      1.39784      0.126692      1.52453
0.028375      1.4065      0.126687      1.53319
0.0285      1.41529      0.126682      1.54197
0.028625      1.4242      0.126676      1.55088
0.02875      1.43324      0.12667      1.55991
0.028875      1.44241      0.126664      1.56907
0.029      1.45171      0.126657      1.57837
0.029125      1.46114      0.12665      1.58779
0.02925      1.47071      0.126642      1.59735
0.029375      1.48041      0.126634      1.60704
0.0295      1.49024      0.126626      1.61687
0.029625      1.50022      0.126617      1.62684
0.02975      1.51034      0.126608      1.63694
0.029875      1.52059      0.126598      1.64719
0.03      1.53099      0.126587      1.65758
