0.01      0.405767      0.201349      0.607116
0.010125      0.415224      0.201036      0.616259
0.01025      0.425035      0.200723      0.625758
0.010375      0.435198      0.20041      0.635607
0.0105      0.445704      0.200097      0.645801
0.010625      0.456548      0.199783      0.656332
0.01075      0.467722      0.19947      0.667192
0.010875      0.479216      0.199157      0.678372
0.011      0.49102      0.198843      0.689863
0.011125      0.503124      0.198528      0.701652
0.01125      0.515517      0.198213      0.71373
0.011375      0.528186      0.197897      0.726083
0.0115      0.541117      0.19758      0.738698
0.011625      0.554299      0.197263      0.751562
0.01175      0.567716      0.196944      0.764661
0.011875      0.581355      0.196625      0.77798
0.012      0.5952      0.196304      0.791505
0.012125      0.609237      0.195982      0.80522
0.01225      0.62345      0.195659      0.81911
0.012375      0.637824      0.195335      0.833159
0.0125      0.652343      0.195009      0.847352
0.012625      0.666992      0.194681      0.861673
0.01275      0.681754      0.194352      0.876107
0.012875      0.696615      0.194022      0.890637
0.013      0.711559      0.19369      0.905249
0.013125      0.726571      0.193356      0.919928
0.01325      0.741636      0.193021      0.934657
0.013375      0.756739      0.192685      0.949423
0.0135      0.771865      0.192346      0.964211
0.013625      0.787001      0.192006      0.979007
0.01375      0.802132      0.191665      0.993797
0.013875      0.817247      0.191322      1.00857
0.014      0.83233      0.190977      1.02331
0.014125      0.847371      0.190631      1.038
0.01425      0.862357      0.190284      1.05264
0.014375      0.877277      0.189935      1.06721
0.0145      0.89212      0.189585      1.0817
0.014625      0.906875      0.189234      1.09611
0.01475      0.921532      0.188881      1.11041
0.014875      0.936082      0.188527      1.12461
0.015      0.950516      0.188173      1.13869
0.015125      0.964826      0.187817      1.15264
0.01525      0.979003      0.187461      1.16646
0.015375      0.993042      0.187104      1.18015
0.0155      1.00693      0.186747      1.19368
0.015625      1.02067      0.186389      1.20706
0.01575      1.03425      0.18603      1.22029
0.015875      1.04767      0.185672      1.23335
0.016      1.06092      0.185313      1.24624
0.016125      1.074      0.184954      1.25896
0.01625      1.0869      0.184596      1.2715
0.016375      1.09963      0.184237      1.28386
0.0165      1.11217      0.183879      1.29605
0.016625      1.12452      0.183522      1.30805
0.01675      1.13669      0.183165      1.31986
0.016875      1.14868      0.182808      1.33148
0.017      1.16047      0.182453      1.34292
0.017125      1.17207      0.182099      1.35417
0.01725      1.18348      0.181746      1.36523
0.017375      1.19471      0.181394      1.3761
0.0175      1.20574      0.181043      1.38678
0.017625      1.21658      0.180694      1.39727
0.01775      1.22723      0.180347      1.40758
0.017875      1.2377      0.180001      1.4177
0.018      1.24798      0.179657      1.42763
0.018125      1.25807      0.179315      1.43738
0.01825      1.26798      0.178976      1.44695
0.018375      1.27771      0.178638      1.45635
0.0185      1.28726      0.178303      1.46556
0.018625      1.29664      0.17797      1.47461
0.01875      1.30584      0.177639      1.48348
0.018875      1.31487      0.177311      1.49218
0.019      1.32373      0.176986      1.50072
0.019125      1.33243      0.176663      1.50909
0.01925      1.34097      0.176343      1.51731
0.019375      1.34935      0.176026      1.52538
0.0195      1.35758      0.175712      1.53329
0.019625      1.36565      0.175401      1.54105
0.01975      1.37358      0.175094      1.54867
0.019875      1.38136      0.174789      1.55615
0.02      1.38901      0.174487      1.5635
0.020125      1.39652      0.174189      1.57071
0.02025      1.4039      0.173894      1.57779
0.020375      1.41115      0.173602      1.58475
0.0205      1.41828      0.173314      1.59159
0.020625      1.42528      0.173029      1.59831
0.02075      1.43217      0.172747      1.60492
0.020875      1.43896      0.172469      1.61142
0.021      1.44563      0.172194      1.61782
0.021125      1.4522      0.171923      1.62412
0.02125      1.45867      0.171655      1.63032
0.021375      1.46504      0.171391      1.63643
0.0215      1.47133      0.17113      1.64246
0.021625      1.47752      0.170873      1.6484
0.02175      1.48364      0.170619      1.65426
0.021875      1.48967      0.170369      1.66004
0.022      1.49563      0.170122      1.66575
0.022125      1.50152      0.169879      1.6714
0.02225      1.50734      0.169639      1.67698
0.022375      1.5131      0.169402      1.6825
0.0225      1.5188      0.169169      1.68797
0.022625      1.52444      0.16894      1.69338
0.02275      1.53003      0.168714      1.69874
0.022875      1.53557      0.168491      1.70406
0.023      1.54107      0.168271      1.70934
0.023125      1.54653      0.168055      1.71458
0.02325      1.55195      0.167842      1.71979
0.023375      1.55733      0.167633      1.72497
0.0235      1.56269      0.167426      1.73012
0.023625      1.56802      0.167223      1.73524
0.02375      1.57332      0.167023      1.74035
0.023875      1.57861      0.166826      1.74543
0.024      1.58388      0.166632      1.75051
0.024125      1.58913      0.166441      1.75557
0.02425      1.59437      0.166253      1.76063
0.024375      1.59961      0.166068      1.76568
0.0245      1.60484      0.165886      1.77073
0.024625      1.61007      0.165706      1.77578
0.02475      1.6153      0.16553      1.78083
0.024875      1.62054      0.165356      1.7859
0.025      1.62578      0.165185      1.79097
0.025125      1.63104      0.165016      1.79605
0.02525      1.6363      0.16485      1.80115
0.025375      1.64159      0.164687      1.80627
0.0255      1.64689      0.164526      1.81141
0.025625      1.65221      0.164368      1.81658
0.02575      1.65755      0.164212      1.82176
0.025875      1.66292      0.164058      1.82698
0.026      1.66832      0.163907      1.83223
0.026125      1.67375      0.163758      1.83751
0.02625      1.67922      0.163611      1.84283
0.026375      1.68472      0.163467      1.84818
0.0265      1.69025      0.163325      1.85358
0.026625      1.69583      0.163184      1.85902
0.02675      1.70145      0.163046      1.8645
0.026875      1.70711      0.16291      1.87002
0.027      1.71283      0.162775      1.8756
0.027125      1.71859      0.162643      1.88123
0.02725      1.7244      0.162513      1.88691
0.027375      1.73026      0.162384      1.89264
0.0275      1.73618      0.162257      1.89844
0.027625      1.74215      0.162132      1.90429
0.02775      1.74819      0.162009      1.9102
0.027875      1.75428      0.161887      1.91617
0.028      1.76044      0.161767      1.92221
0.028125      1.76666      0.161648      1.92831
0.02825      1.77295      0.161531      1.93448
0.028375      1.77931      0.161416      1.94073
0.0285      1.78574      0.161302      1.94704
0.028625      1.79223      0.16119      1.95342
0.02875      1.7988      0.161078      1.95988
0.028875      1.80545      0.160969      1.96642
0.029      1.81217      0.16086      1.97303
0.029125      1.81897      0.160753      1.97973
0.02925      1.82585      0.160648      1.9865
0.029375      1.83282      0.160543      1.99336
0.0295      1.83986      0.16044      2.0003
0.029625      1.84699      0.160338      2.00733
0.02975      1.8542      0.160237      2.01444
0.029875      1.86151      0.160137      2.02164
0.03      1.8689      0.160038      2.02894
0.030125      1.87638      0.159941      2.03632
0.03025      1.88395      0.159844      2.0438
0.030375      1.89162      0.159749      2.05137
0.0305      1.89938      0.159654      2.05904
0.030625      1.90724      0.159561      2.0668
0.03075      1.91519      0.159468      2.07466
0.030875      1.92325      0.159377      2.08263
0.031      1.9314      0.159286      2.09069
0.031125      1.93966      0.159196      2.09885
0.03125      1.94802      0.159107      2.10712
0.031375      1.95648      0.159019      2.1155
0.0315      1.96505      0.158932      2.12398
0.031625      1.97372      0.158845      2.13257
0.03175      1.98251      0.15876      2.14126
0.031875      1.9914      0.158675      2.15007
0.032      2.0004      0.15859      2.15899
0.032125      2.00951      0.158507      2.16802
0.03225      2.01874      0.158424      2.17716
0.032375      2.02808      0.158342      2.18642
0.0325      2.03754      0.158261      2.1958
0.032625      2.04711      0.15818      2.20529
0.03275      2.0568      0.1581      2.2149
0.032875      2.06661      0.158021      2.22463
0.033      2.07654      0.157942      2.23448
0.033125      2.08659      0.157864      2.24445
0.03325      2.09676      0.157786      2.25455
0.033375      2.10706      0.157709      2.26477
0.0335      2.11748      0.157633      2.27511
0.033625      2.12802      0.157557      2.28558
0.03375      2.13869      0.157481      2.29618
0.033875      2.14949      0.157407      2.3069
0.034      2.16042      0.157332      2.31776
0.034125      2.17148      0.157258      2.32874
0.03425      2.18267      0.157185      2.33986
0.034375      2.19399      0.157112      2.3511
0.0345      2.20544      0.15704      2.36248
0.034625      2.21703      0.156968      2.374
0.03475      2.22875      0.156896      2.38565
0.034875      2.24061      0.156825      2.39744
0.035      2.25261      0.156754      2.40936
0.035125      2.26474      0.156684      2.42142
0.03525      2.27701      0.156614      2.43363
0.035375      2.28942      0.156544      2.44597
0.0355      2.30197      0.156475      2.45845
0.035625      2.31467      0.156406      2.47107
0.03575      2.3275      0.156337      2.48384
0.035875      2.34048      0.156269      2.49675
0.036      2.3536      0.156201      2.5098
0.036125      2.36687      0.156133      2.523
0.03625      2.38028      0.156066      2.53635
0.036375      2.39384      0.155999      2.54984
0.0365      2.40755      0.155932      2.56348
0.036625      2.4214      0.155866      2.57727
0.03675      2.4354      0.1558      2.5912
0.036875      2.44956      0.155734      2.60529
0.037      2.46386      0.155668      2.61953
0.037125      2.47831      0.155602      2.63392
0.03725      2.49292      0.155537      2.64846
0.037375      2.50768      0.155472      2.66315
0.0375      2.52259      0.155407      2.678
0.037625      2.53765      0.155342      2.693
0.03775      2.55287      0.155277      2.70815
0.037875      2.56825      0.155213      2.72346
0.038      2.58378      0.155149      2.73893
0.038125      2.59946      0.155085      2.75455
0.03825      2.6153      0.155021      2.77032
0.038375      2.6313      0.154957      2.78626
0.0385      2.64746      0.154893      2.80235
0.038625      2.66378      0.154829      2.81861
0.03875      2.68025      0.154766      2.83502
0.038875      2.69688      0.154702      2.85159
0.039      2.71368      0.154639      2.86831
0.039125      2.73063      0.154575      2.8852
0.03925      2.74774      0.154512      2.90225
0.039375      2.76502      0.154449      2.91946
0.0395      2.78245      0.154385      2.93684
0.039625      2.80005      0.154322      2.95437
0.03975      2.8178      0.154259      2.97206
0.039875      2.83572      0.154196      2.98992
0.04      2.8538      0.154132      3.00794
