0.005      0.162479      0.132043      0.294523
0.0051      0.165721      0.131968      0.29769
0.0052      0.169287      0.131893      0.30118
0.0053      0.17319      0.131818      0.305008
0.0054      0.177442      0.131741      0.309183
0.0055      0.182051      0.131664      0.313716
0.0056      0.187026      0.131587      0.318612
0.0057      0.192371      0.131508      0.323879
0.0058      0.19809      0.131427      0.329517
0.0059      0.204183      0.131346      0.335529
0.006      0.210648      0.131262      0.341911
0.0061      0.217482      0.131177      0.34866
0.0062      0.224679      0.13109      0.355769
0.0063      0.23223      0.131001      0.363231
0.0064      0.240126      0.13091      0.371035
0.0065      0.248353      0.130816      0.379168
0.0066      0.256898      0.130719      0.387617
0.0067      0.265746      0.130619      0.396366
0.0068      0.27488      0.130517      0.405397
0.0069      0.284282      0.130411      0.414693
0.007      0.293932      0.130303      0.424234
0.0071      0.30381      0.130191      0.434001
0.0072      0.313896      0.130075      0.443971
0.0073      0.324167      0.129956      0.454123
0.0074      0.334603      0.129834      0.464437
0.0075      0.345181      0.129708      0.474889
0.0076      0.35588      0.129578      0.485458
0.0077      0.366677      0.129445      0.496122
0.0078      0.377551      0.129308      0.506859
0.0079      0.38848      0.129168      0.517648
0.008      0.399444      0.129024      0.528468
0.0081      0.410422      0.128877      0.539299
0.0082      0.421395      0.128727      0.550122
0.0083      0.432344      0.128574      0.560918
0.0084      0.443251      0.128417      0.571668
0.0085      0.454099      0.128258      0.582357
0.0086      0.464872      0.128096      0.592968
0.0087      0.475555      0.127931      0.603486
0.0088      0.486133      0.127764      0.613897
0.0089      0.496593      0.127595      0.624188
0.009      0.506923      0.127424      0.634347
0.0091      0.517112      0.127251      0.644363
0.0092      0.52715      0.127076      0.654226
0.0093      0.537027      0.1269      0.663927
0.0094      0.546735      0.126723      0.673458
0.0095      0.556267      0.126545      0.682813
0.0096      0.565617      0.126367      0.691984
0.0097      0.574779      0.126188      0.700967
0.0098      0.583749      0.126009      0.709758
0.0099      0.592523      0.12583      0.718353
0.01      0.601098      0.125651      0.726749
0.0101      0.609471      0.125473      0.734944
0.0102      0.617642      0.125296      0.742938
0.0103      0.62561      0.125119      0.750729
0.0104      0.633374      0.124944      0.758318
0.0105      0.640935      0.12477      0.765705
0.0106      0.648294      0.124598      0.772892
0.0107      0.655452      0.124427      0.77988
0.0108      0.662412      0.124259      0.78667
0.0109      0.669175      0.124092      0.793267
0.011      0.675744      0.123928      0.799672
0.0111      0.682123      0.123767      0.80589
0.0112      0.688315      0.123608      0.811923
0.0113      0.694323      0.123451      0.817775
0.0114      0.700152      0.123298      0.823451
0.0115      0.705806      0.123148      0.828954
0.0116      0.711289      0.123001      0.83429
0.0117      0.716606      0.122857      0.839463
0.0118      0.721761      0.122716      0.844477
0.0119      0.726759      0.122579      0.849338
0.012      0.731606      0.122445      0.854051
0.0121      0.736305      0.122315      0.85862
0.0122      0.740862      0.122188      0.863051
0.0123      0.745283      0.122065      0.867348
0.0124      0.749572      0.121946      0.871518
0.0125      0.753733      0.121831      0.875564
0.0126      0.757774      0.121719      0.879492
0.0127      0.761697      0.12161      0.883307
0.0128      0.765509      0.121506      0.887014
0.0129      0.769213      0.121405      0.890618
0.013      0.772816      0.121308      0.894124
0.0131      0.776322      0.121215      0.897536
0.0132      0.779735      0.121125      0.90086
0.0133      0.78306      0.121039      0.904099
0.0134      0.786302      0.120957      0.907259
0.0135      0.789465      0.120878      0.910343
0.0136      0.792554      0.120802      0.913356
0.0137      0.795572      0.120731      0.916303
0.0138      0.798525      0.120662      0.919187
0.0139      0.801415      0.120597      0.922012
0.014      0.804248      0.120535      0.924783
0.0141      0.807026      0.120477      0.927502
0.0142      0.809753      0.120421      0.930174
0.0143      0.812433      0.120369      0.932803
0.0144      0.81507      0.12032      0.93539
0.0145      0.817667      0.120274      0.937941
0.0146      0.820227      0.12023      0.940458
0.0147      0.822754      0.12019      0.942943
0.0148      0.825249      0.120152      0.945401
0.0149      0.827717      0.120117      0.947834
0.015      0.83016      0.120084      0.950245
0.0151      0.832581      0.120055      0.952636
0.0152      0.834982      0.120027      0.955009
0.0153      0.837367      0.120002      0.957369
0.0154      0.839736      0.119979      0.959715
0.0155      0.842094      0.119959      0.962052
0.0156      0.844441      0.11994      0.964381
0.0157      0.84678      0.119924      0.966704
0.0158      0.849114      0.119909      0.969023
0.0159      0.851443      0.119897      0.97134
0.016      0.853771      0.119887      0.973657
0.0161      0.856098      0.119878      0.975976
0.0162      0.858427      0.119871      0.978298
0.0163      0.860759      0.119866      0.980624
0.0164      0.863095      0.119862      0.982957
0.0165      0.865438      0.11986      0.985298
0.0166      0.867788      0.119859      0.987648
0.0167      0.870148      0.11986      0.990008
0.0168      0.872518      0.119862      0.99238
0.0169      0.874899      0.119866      0.994765
0.017      0.877293      0.11987      0.997164
0.0171      0.879701      0.119876      0.999577
0.0172      0.882124      0.119884      1.00201
0.0173      0.884563      0.119892      1.00445
0.0174      0.887019      0.119901      1.00692
0.0175      0.889492      0.119911      1.0094
0.0176      0.891985      0.119923      1.01191
0.0177      0.894497      0.119935      1.01443
0.0178      0.89703      0.119948      1.01698
0.0179      0.899584      0.119962      1.01955
0.018      0.90216      0.119977      1.02214
0.0181      0.904759      0.119993      1.02475
0.0182      0.907381      0.120009      1.02739
0.0183      0.910027      0.120026      1.03005
0.0184      0.912698      0.120044      1.03274
0.0185      0.915394      0.120062      1.03546
0.0186      0.918116      0.120082      1.0382
0.0187      0.920864      0.120101      1.04097
0.0188      0.92364      0.120121      1.04376
0.0189      0.926443      0.120142      1.04658
0.019      0.929274      0.120164      1.04944
0.0191      0.932133      0.120185      1.05232
0.0192      0.935021      0.120208      1.05523
0.0193      0.937939      0.120231      1.05817
0.0194      0.940886      0.120254      1.06114
0.0195      0.943864      0.120277      1.06414
0.0196      0.946873      0.120301      1.06717
0.0197      0.949912      0.120326      1.07024
0.0198      0.952984      0.120351      1.07333
0.0199      0.956087      0.120376      1.07646
0.02      0.959222      0.120401      1.07962
0.0201      0.96239      0.120427      1.08282
0.0202      0.965592      0.120453      1.08604
0.0203      0.968827      0.120479      1.08931
0.0204      0.972096      0.120506      1.0926
0.0205      0.975399      0.120533      1.09593
0.0206      0.978737      0.12056      1.0993
0.0207      0.98211      0.120587      1.1027
0.0208      0.985519      0.120615      1.10613
0.0209      0.988963      0.120642      1.10961
0.021      0.992444      0.12067      1.11311
0.0211      0.995962      0.120698      1.11666
0.0212      0.999517      0.120727      1.12024
0.0213      1.00311      0.120755      1.12386
0.0214      1.00674      0.120783      1.12752
0.0215      1.01041      0.120812      1.13122
0.0216      1.01412      0.120841      1.13496
0.0217      1.01786      0.12087      1.13873
0.0218      1.02165      0.120898      1.14255
0.0219      1.02547      0.120927      1.1464
0.022      1.02934      0.120956      1.1503
0.0221      1.03325      0.120985      1.15423
0.0222      1.0372      0.121014      1.15821
0.0223      1.04119      0.121043      1.16223
0.0224      1.04522      0.121072      1.1663
0.0225      1.0493      0.121101      1.1704
0.0226      1.05342      0.12113      1.17455
0.0227      1.05759      0.121159      1.17875
0.0228      1.0618      0.121188      1.18298
0.0229      1.06605      0.121217      1.18727
0.023      1.07035      0.121245      1.19159
0.0231      1.07469      0.121274      1.19597
0.0232      1.07909      0.121302      1.20039
0.0233      1.08353      0.121331      1.20486
0.0234      1.08801      0.121359      1.20937
0.0235      1.09255      0.121387      1.21393
0.0236      1.09713      0.121414      1.21855
0.0237      1.10177      0.121442      1.22321
0.0238      1.10645      0.121469      1.22792
0.0239      1.11118      0.121496      1.23268
0.024      1.11597      0.121523      1.23749
0.0241      1.12081      0.12155      1.24236
0.0242      1.1257      0.121576      1.24727
0.0243      1.13064      0.121602      1.25224
0.0244      1.13564      0.121628      1.25727
0.0245      1.14069      0.121653      1.26234
0.0246      1.1458      0.121678      1.26747
0.0247      1.15096      0.121703      1.27266
0.0248      1.15618      0.121727      1.27791
0.0249      1.16146      0.121751      1.28321
0.025      1.16679      0.121774      1.28856
