0.0007      0.0205575      0.0246037      0.0451611
0.0007265      0.0207323      0.0246873      0.0454196
0.000753      0.0209854      0.0247708      0.0457562
0.0007795      0.0213298      0.0248541      0.0461838
0.000806      0.0217777      0.0249371      0.0467147
0.0008325      0.0223407      0.0250197      0.0473604
0.000859      0.0230292      0.025102      0.0481312
0.0008855      0.0238517      0.0251837      0.0490355
0.000912      0.0248151      0.0252649      0.05008
0.0009385      0.025924      0.0253452      0.0512692
0.000965      0.0271806      0.0254247      0.0526054
0.0009915      0.0285851      0.0255032      0.0540883
0.001018      0.0301352      0.0255804      0.0557156
0.0010445      0.0318264      0.0256563      0.0574827
0.001071      0.0336523      0.0257308      0.059383
0.0010975      0.0356047      0.0258035      0.0614082
0.001124      0.0376738      0.0258744      0.0635482
0.0011505      0.0398485      0.0259434      0.0657919
0.001177      0.0421167      0.0260104      0.0681271
0.0012035      0.0444657      0.0260752      0.0705409
0.00123      0.0468822      0.0261377      0.0730199
0.0012565      0.0493529      0.0261979      0.0755508
0.001283      0.0518642      0.0262558      0.07812
0.0013095      0.0544032      0.0263112      0.0807144
0.001336      0.0569571      0.0263644      0.0833215
0.0013625      0.0595138      0.0264151      0.085929
0.001389      0.0620621      0.0264636      0.0885257
0.0014155      0.0645912      0.0265099      0.0911012
0.001442      0.0670917      0.0265541      0.0936458
0.0014685      0.0695547      0.0265964      0.096151
0.001495      0.0719724      0.0266367      0.0986092
0.0015215      0.0743381      0.0266754      0.101014
0.001548      0.0766459      0.0267126      0.103358
0.0015745      0.0788908      0.0267485      0.105639
0.001601      0.0810688      0.0267832      0.107852
0.0016275      0.0831767      0.0268169      0.109994
0.001654      0.085212      0.0268499      0.112062
0.0016805      0.0871731      0.0268823      0.114055
0.001707      0.0890589      0.0269144      0.115973
0.0017335      0.0908691      0.0269464      0.117815
0.00176      0.0926038      0.0269783      0.119582
0.0017865      0.0942637      0.0270106      0.121274
0.001813      0.0958497      0.0270432      0.122893
0.0018395      0.0973634      0.0270764      0.12444
0.001866      0.0988065      0.0271103      0.125917
0.0018925      0.100181      0.0271452      0.127326
0.001919      0.101489      0.027181      0.12867
0.0019455      0.102734      0.0272181      0.129952
0.001972      0.103917      0.0272564      0.131173
0.0019985      0.105041      0.0272961      0.132337
0.002025      0.10611      0.0273372      0.133447
0.0020515      0.107125      0.0273799      0.134505
0.002078      0.108091      0.0274242      0.135515
0.0021045      0.109009      0.0274701      0.136479
0.002131      0.109882      0.0275178      0.1374
0.0021575      0.110713      0.0275671      0.13828
0.002184      0.111506      0.0276183      0.139124
0.0022105      0.112261      0.0276712      0.139932
0.002237      0.112983      0.0277258      0.140708
0.0022635      0.113673      0.0277822      0.141455
0.00229      0.114333      0.0278404      0.142174
0.0023165      0.114967      0.0279002      0.142867
0.002343      0.115576      0.0279618      0.143538
0.0023695      0.116162      0.028025      0.144187
0.002396      0.116728      0.0280898      0.144818
0.0024225      0.117275      0.0281562      0.145431
0.002449      0.117804      0.0282242      0.146028
0.0024755      0.118318      0.0282936      0.146612
0.002502      0.118818      0.0283645      0.147183
0.0025285      0.119305      0.0284368      0.147742
0.002555      0.119782      0.0285104      0.148292
0.0025815      0.120248      0.0285853      0.148833
0.002608      0.120706      0.0286614      0.149367
0.0026345      0.121156      0.0287386      0.149895
0.002661      0.121599      0.028817      0.150416
0.0026875      0.122037      0.0288965      0.150933
0.002714      0.122469      0.028977      0.151446
0.0027405      0.122898      0.0290584      0.151956
0.002767      0.123323      0.0291407      0.152464
0.0027935      0.123745      0.0292239      0.152969
0.00282      0.124165      0.029308      0.153473
0.0028465      0.124584      0.0293928      0.153976
0.002873      0.125001      0.0294783      0.154479
0.0028995      0.125417      0.0295645      0.154981
0.002926      0.125832      0.0296514      0.155484
0.0029525      0.126248      0.0297389      0.155987
0.002979      0.126663      0.0298269      0.15649
0.0030055      0.127079      0.0299156      0.156995
0.003032      0.127495      0.0300047      0.1575
0.0030585      0.127912      0.0300943      0.158007
0.003085      0.12833      0.0301843      0.158514
0.0031115      0.128749      0.0302748      0.159024
0.003138      0.129169      0.0303657      0.159534
0.0031645      0.12959      0.030457      0.160047
0.003191      0.130012      0.0305486      0.16056
0.0032175      0.130435      0.0306405      0.161075
0.003244      0.130859      0.0307328      0.161592
0.0032705      0.131285      0.0308254      0.16211
0.003297      0.131712      0.0309182      0.16263
0.0033235      0.13214      0.0310113      0.163151
0.00335      0.132569      0.0311046      0.163673
0.0033765      0.132999      0.0311982      0.164197
0.003403      0.13343      0.0312919      0.164722
0.0034295      0.133862      0.0313859      0.165248
0.003456      0.134295      0.03148      0.165775
0.0034825      0.134729      0.0315743      0.166303
0.003509      0.135164      0.0316687      0.166833
0.0035355      0.1356      0.0317633      0.167363
0.003562      0.136036      0.031858      0.167894
0.0035885      0.136473      0.0319528      0.168425
0.003615      0.13691      0.0320476      0.168958
0.0036415      0.137348      0.0321426      0.16949
0.003668      0.137786      0.0322376      0.170024
0.0036945      0.138225      0.0323327      0.170557
0.003721      0.138664      0.0324278      0.171091
0.0037475      0.139103      0.0325229      0.171626
0.003774      0.139542      0.032618      0.17216
0.0038005      0.139982      0.0327131      0.172695
0.003827      0.140422      0.0328082      0.17323
0.0038535      0.140862      0.0329032      0.173765
0.00388      0.141301      0.0329982      0.1743
0.0039065      0.141741      0.0330931      0.174834
0.003933      0.142181      0.0331879      0.175369
0.0039595      0.142621      0.0332826      0.175904
0.003986      0.143061      0.0333771      0.176438
0.0040125      0.143501      0.0334716      0.176972
0.004039      0.14394      0.0335658      0.177506
0.0040655      0.14438      0.0336599      0.17804
0.004092      0.144819      0.0337539      0.178573
0.0041185      0.145259      0.0338476      0.179106
0.004145      0.145698      0.033941      0.179639
0.0041715      0.146137      0.0340343      0.180172
0.004198      0.146576      0.0341273      0.180704
0.0042245      0.147016      0.03422      0.181236
0.004251      0.147455      0.0343124      0.181767
0.0042775      0.147894      0.0344045      0.182298
0.004304      0.148333      0.0344963      0.182829
0.0043305      0.148772      0.0345878      0.18336
0.004357      0.149212      0.0346789      0.183891
0.0043835      0.149651      0.0347696      0.184421
0.00441      0.150091      0.0348599      0.184951
0.0044365      0.150531      0.0349499      0.185481
0.004463      0.150971      0.0350394      0.186011
0.0044895      0.151412      0.0351286      0.18654
0.004516      0.151852      0.0352172      0.18707
0.0045425      0.152294      0.0353055      0.187599
0.004569      0.152735      0.0353932      0.188128
0.0045955      0.153177      0.0354805      0.188658
0.004622      0.15362      0.0355673      0.189187
0.0046485      0.154064      0.0356536      0.189717
0.004675      0.154508      0.0357394      0.190247
0.0047015      0.154952      0.0358247      0.190777
0.004728      0.155398      0.0359094      0.191307
0.0047545      0.155844      0.0359936      0.191838
0.004781      0.156292      0.0360773      0.192369
0.0048075      0.15674      0.0361604      0.1929
0.004834      0.157189      0.0362429      0.193432
0.0048605      0.15764      0.0363249      0.193965
0.004887      0.158091      0.0364063      0.194498
0.0049135      0.158544      0.0364872      0.195031
0.00494      0.158998      0.0365674      0.195566
0.0049665      0.159453      0.0366471      0.196101
0.004993      0.15991      0.0367262      0.196637
0.0050195      0.160369      0.0368047      0.197173
0.005046      0.160828      0.0368826      0.197711
0.0050725      0.16129      0.0369599      0.19825
0.005099      0.161753      0.0370366      0.198789
0.0051255      0.162218      0.0371128      0.19933
0.005152      0.162684      0.0371883      0.199872
0.0051785      0.163152      0.0372633      0.200416
0.005205      0.163623      0.0373376      0.20096
0.0052315      0.164095      0.0374114      0.201506
0.005258      0.164569      0.0374846      0.202053
0.0052845      0.165045      0.0375572      0.202602
0.005311      0.165523      0.0376292      0.203153
0.0053375      0.166004      0.0377007      0.203704
0.005364      0.166486      0.0377716      0.204258
0.0053905      0.166971      0.0378419      0.204813
0.005417      0.167458      0.0379117      0.20537
0.0054435      0.167948      0.0379809      0.205929
0.00547      0.16844      0.0380496      0.206489
0.0054965      0.168934      0.0381177      0.207052
0.005523      0.169431      0.0381853      0.207616
0.0055495      0.16993      0.0382524      0.208183
0.005576      0.170432      0.038319      0.208751
0.0056025      0.170936      0.038385      0.209322
0.005629      0.171444      0.0384506      0.209894
0.0056555      0.171953      0.0385157      0.210469
0.005682      0.172466      0.0385803      0.211046
0.0057085      0.172981      0.0386444      0.211626
0.005735      0.173499      0.038708      0.212207
0.0057615      0.17402      0.0387713      0.212791
0.005788      0.174544      0.038834      0.213378
0.0058145      0.17507      0.0388963      0.213967
0.005841      0.1756      0.0389583      0.214558
0.0058675      0.176132      0.0390198      0.215152
0.005894      0.176667      0.0390808      0.215748
0.0059205      0.177206      0.0391416      0.216347
0.005947      0.177747      0.0392019      0.216949
0.0059735      0.178291      0.0392618      0.217553
0.006      0.178838      0.0393214      0.21816
