0.01      0.406535      0.220585      0.62712
0.010125      0.413932      0.220036      0.633968
0.01025      0.421662      0.21949      0.641152
0.010375      0.429727      0.21895      0.648677
0.0105      0.438128      0.21842      0.656548
0.010625      0.446866      0.217902      0.664768
0.01075      0.455939      0.217397      0.673337
0.010875      0.465346      0.216909      0.682254
0.011      0.475082      0.216437      0.691519
0.011125      0.485142      0.215984      0.701126
0.01125      0.495521      0.21555      0.711071
0.011375      0.506212      0.215135      0.721347
0.0115      0.517207      0.214741      0.731948
0.011625      0.528498      0.214366      0.742864
0.01175      0.540074      0.214011      0.754085
0.011875      0.551927      0.213674      0.765602
0.012      0.564045      0.213356      0.777402
0.012125      0.576418      0.213055      0.789472
0.01225      0.589033      0.212769      0.801802
0.012375      0.601878      0.212499      0.814376
0.0125      0.614941      0.212241      0.827182
0.012625      0.628209      0.211995      0.840204
0.01275      0.64167      0.21176      0.853429
0.012875      0.65531      0.211533      0.866843
0.013      0.669116      0.211313      0.880429
0.013125      0.683076      0.211099      0.894175
0.01325      0.697176      0.210888      0.908064
0.013375      0.711403      0.21068      0.922083
0.0135      0.725744      0.210472      0.936216
0.013625      0.740187      0.210264      0.950451
0.01375      0.754719      0.210053      0.964772
0.013875      0.769328      0.209839      0.979167
0.014      0.784001      0.20962      0.993621
0.014125      0.798726      0.209396      1.00812
0.01425      0.813493      0.209164      1.02266
0.014375      0.828289      0.208924      1.03721
0.0145      0.843105      0.208676      1.05178
0.014625      0.857928      0.208418      1.06635
0.01475      0.87275      0.208151      1.0809
0.014875      0.887559      0.207872      1.09543
0.015      0.902347      0.207582      1.10993
0.015125      0.917103      0.207281      1.12438
0.01525      0.931821      0.206969      1.13879
0.015375      0.94649      0.206644      1.15313
0.0155      0.961103      0.206308      1.16741
0.015625      0.975651      0.205959      1.18161
0.01575      0.990129      0.205599      1.19573
0.015875      1.00453      0.205228      1.20976
0.016      1.01884      0.204845      1.22369
0.016125      1.03306      0.204451      1.23752
0.01625      1.04719      0.204047      1.25124
0.016375      1.06121      0.203633      1.26485
0.0165      1.07513      0.203209      1.27834
0.016625      1.08893      0.202776      1.2917
0.01675      1.10261      0.202335      1.30495
0.016875      1.11618      0.201886      1.31806
0.017      1.12961      0.201429      1.33104
0.017125      1.14292      0.200966      1.34389
0.01725      1.15609      0.200497      1.35659
0.017375      1.16913      0.200023      1.36916
0.0175      1.18204      0.199545      1.38158
0.017625      1.1948      0.199062      1.39386
0.01775      1.20741      0.198577      1.40599
0.017875      1.21989      0.198089      1.41798
0.018      1.23221      0.1976      1.42981
0.018125      1.24439      0.19711      1.4415
0.01825      1.25642      0.196619      1.45304
0.018375      1.2683      0.196129      1.46443
0.0185      1.28003      0.195639      1.47567
0.018625      1.29161      0.195152      1.48676
0.01875      1.30304      0.194666      1.4977
0.018875      1.31431      0.194184      1.5085
0.019      1.32544      0.193704      1.51914
0.019125      1.33641      0.193229      1.52964
0.01925      1.34723      0.192758      1.53999
0.019375      1.35791      0.192291      1.5502
0.0195      1.36844      0.19183      1.56027
0.019625      1.37881      0.191375      1.57019
0.01975      1.38905      0.190926      1.57997
0.019875      1.39913      0.190483      1.58962
0.02      1.40908      0.190047      1.59912
0.020125      1.41888      0.189618      1.6085
0.02025      1.42854      0.189196      1.61774
0.020375      1.43806      0.188782      1.62684
0.0205      1.44745      0.188375      1.63583
0.020625      1.4567      0.187976      1.64468
0.02075      1.46582      0.187586      1.65341
0.020875      1.47481      0.187203      1.66202
0.021      1.48368      0.186829      1.67051
0.021125      1.49242      0.186463      1.67888
0.02125      1.50103      0.186105      1.68714
0.021375      1.50953      0.185756      1.69529
0.0215      1.51791      0.185415      1.70333
0.021625      1.52618      0.185082      1.71126
0.02175      1.53433      0.184758      1.71909
0.021875      1.54238      0.184442      1.72682
0.022      1.55032      0.184134      1.73445
0.022125      1.55816      0.183834      1.74199
0.02225      1.5659      0.183543      1.74944
0.022375      1.57354      0.183259      1.7568
0.0225      1.58109      0.182982      1.76407
0.022625      1.58855      0.182714      1.77126
0.02275      1.59592      0.182452      1.77837
0.022875      1.60321      0.182198      1.7854
0.023      1.61041      0.181951      1.79236
0.023125      1.61754      0.181711      1.79925
0.02325      1.6246      0.181477      1.80608
0.023375      1.63158      0.18125      1.81283
0.0235      1.6385      0.181029      1.81953
0.023625      1.64535      0.180814      1.82617
0.02375      1.65214      0.180605      1.83275
0.023875      1.65888      0.180401      1.83928
0.024      1.66555      0.180202      1.84576
0.024125      1.67218      0.180009      1.85219
0.02425      1.67876      0.179821      1.85858
0.024375      1.68529      0.179637      1.86493
0.0245      1.69178      0.179458      1.87124
0.024625      1.69823      0.179283      1.87751
0.02475      1.70465      0.179112      1.88376
0.024875      1.71103      0.178945      1.88997
0.025      1.71738      0.178781      1.89616
0.025125      1.72371      0.178621      1.90233
0.02525      1.73001      0.178464      1.90847
0.025375      1.73629      0.17831      1.9146
0.0255      1.74256      0.178158      1.92071
0.025625      1.74881      0.17801      1.92681
0.02575      1.75504      0.177863      1.93291
0.025875      1.76127      0.177719      1.93899
0.026      1.76749      0.177577      1.94507
0.026125      1.77371      0.177436      1.95115
0.02625      1.77993      0.177298      1.95723
0.026375      1.78615      0.17716      1.96331
0.0265      1.79238      0.177025      1.9694
0.026625      1.79861      0.17689      1.9755
0.02675      1.80486      0.176757      1.98161
0.026875      1.81111      0.176624      1.98774
0.027      1.81739      0.176492      1.99388
0.027125      1.82368      0.176361      2.00004
0.02725      1.82999      0.176231      2.00622
0.027375      1.83632      0.176101      2.01242
0.0275      1.84268      0.175972      2.01865
0.027625      1.84906      0.175843      2.02491
0.02775      1.85548      0.175714      2.03119
0.027875      1.86193      0.175585      2.03751
0.028      1.86841      0.175457      2.04387
0.028125      1.87493      0.175328      2.05026
0.02825      1.88149      0.1752      2.05669
0.028375      1.88809      0.175071      2.06316
0.0285      1.89473      0.174942      2.06967
0.028625      1.90142      0.174813      2.07623
0.02875      1.90815      0.174684      2.08283
0.028875      1.91493      0.174554      2.08949
0.029      1.92177      0.174425      2.09619
0.029125      1.92866      0.174295      2.10295
0.02925      1.9356      0.174164      2.10976
0.029375      1.9426      0.174034      2.11663
0.0295      1.94966      0.173903      2.12356
0.029625      1.95678      0.173771      2.13055
0.02975      1.96396      0.17364      2.1376
0.029875      1.97121      0.173508      2.14471
0.03      1.97852      0.173376      2.15189
0.030125      1.9859      0.173243      2.15914
0.03025      1.99335      0.17311      2.16646
0.030375      2.00086      0.172977      2.17384
0.0305      2.00846      0.172844      2.1813
0.030625      2.01612      0.17271      2.18883
0.03075      2.02386      0.172577      2.19644
0.030875      2.03168      0.172443      2.20412
0.031      2.03958      0.172309      2.21189
0.031125      2.04755      0.172175      2.21973
0.03125      2.05561      0.172041      2.22765
0.031375      2.06375      0.171906      2.23566
0.0315      2.07198      0.171772      2.24375
0.031625      2.08029      0.171638      2.25193
0.03175      2.08868      0.171504      2.26019
0.031875      2.09717      0.17137      2.26854
0.032      2.10575      0.171237      2.27698
0.032125      2.11441      0.171103      2.28552
0.03225      2.12317      0.17097      2.29414
0.032375      2.13202      0.170837      2.30286
0.0325      2.14097      0.170705      2.31168
0.032625      2.15001      0.170573      2.32059
0.03275      2.15915      0.170441      2.3296
0.032875      2.16839      0.17031      2.3387
0.033      2.17773      0.170179      2.34791
0.033125      2.18717      0.170049      2.35722
0.03325      2.19671      0.169919      2.36663
0.033375      2.20635      0.169791      2.37614
