0.01      0.397513      0.226814      0.624326
0.010125      0.403952      0.226437      0.630389
0.01025      0.410697      0.226062      0.636759
0.010375      0.417754      0.225688      0.643442
0.0105      0.425126      0.225315      0.650442
0.010625      0.432818      0.224944      0.657762
0.01075      0.440831      0.224574      0.665405
0.010875      0.449167      0.224206      0.673373
0.011      0.457828      0.223838      0.681666
0.011125      0.466814      0.223471      0.690286
0.01125      0.476124      0.223106      0.69923
0.011375      0.485757      0.222741      0.708498
0.0115      0.495711      0.222377      0.718088
0.011625      0.505982      0.222014      0.727996
0.01175      0.516566      0.221652      0.738218
0.011875      0.52746      0.22129      0.748749
0.012      0.538657      0.220928      0.759585
0.012125      0.550151      0.220568      0.770719
0.01225      0.561937      0.220207      0.782144
0.012375      0.574006      0.219847      0.793853
0.0125      0.58635      0.219487      0.805837
0.012625      0.598961      0.219128      0.818088
0.01275      0.611829      0.218768      0.830597
0.012875      0.624946      0.218408      0.843354
0.013      0.6383      0.218049      0.856349
0.013125      0.651882      0.217689      0.869571
0.01325      0.665681      0.217329      0.88301
0.013375      0.679685      0.216969      0.896654
0.0135      0.693883      0.216608      0.910491
0.013625      0.708264      0.216247      0.924511
0.01375      0.722815      0.215885      0.9387
0.013875      0.737524      0.215523      0.953047
0.014      0.75238      0.21516      0.96754
0.014125      0.767369      0.214797      0.982166
0.01425      0.78248      0.214433      0.996913
0.014375      0.797701      0.214068      1.01177
0.0145      0.813019      0.213702      1.02672
0.014625      0.828422      0.213336      1.04176
0.01475      0.843897      0.212969      1.05687
0.014875      0.859434      0.212601      1.07203
0.015      0.875019      0.212232      1.08725
0.015125      0.890642      0.211862      1.1025
0.01525      0.906291      0.211491      1.11778
0.015375      0.921955      0.211119      1.13307
0.0155      0.937623      0.210746      1.14837
0.015625      0.953284      0.210373      1.16366
0.01575      0.968927      0.209998      1.17893
0.015875      0.984544      0.209622      1.19417
0.016      1.00012      0.209246      1.20937
0.016125      1.01566      0.208868      1.22452
0.01625      1.03113      0.20849      1.23962
0.016375      1.04654      0.208111      1.25466
0.0165      1.06188      0.207731      1.26962
0.016625      1.07714      0.20735      1.28449
0.01675      1.09231      0.206969      1.29928
0.016875      1.10739      0.206587      1.31397
0.017      1.12236      0.206204      1.32856
0.017125      1.13722      0.205821      1.34304
0.01725      1.15197      0.205437      1.3574
0.017375      1.16659      0.205052      1.37164
0.0175      1.18109      0.204668      1.38576
0.017625      1.19545      0.204282      1.39974
0.01775      1.20968      0.203897      1.41358
0.017875      1.22377      0.203511      1.42728
0.018      1.23771      0.203125      1.44084
0.018125      1.25151      0.202739      1.45425
0.01825      1.26515      0.202354      1.4675
0.018375      1.27864      0.201968      1.4806
0.0185      1.29196      0.201582      1.49355
0.018625      1.30513      0.201197      1.50633
0.01875      1.31814      0.200812      1.51895
0.018875      1.33098      0.200427      1.53141
0.019      1.34366      0.200043      1.5437
0.019125      1.35617      0.199659      1.55583
0.01925      1.36852      0.199276      1.56779
0.019375      1.38069      0.198894      1.57959
0.0195      1.3927      0.198513      1.59121
0.019625      1.40454      0.198132      1.60267
0.01975      1.41621      0.197753      1.61396
0.019875      1.42771      0.197375      1.62509
0.02      1.43905      0.196998      1.63605
0.020125      1.45022      0.196622      1.64684
0.02025      1.46122      0.196247      1.65747
0.020375      1.47206      0.195874      1.66794
0.0205      1.48274      0.195503      1.67824
0.020625      1.49326      0.195133      1.68839
0.02075      1.50361      0.194765      1.69838
0.020875      1.51381      0.194398      1.70821
0.021      1.52385      0.194033      1.71789
0.021125      1.53374      0.19367      1.72741
0.02125      1.54348      0.19331      1.73679
0.021375      1.55306      0.192951      1.74601
0.0215      1.5625      0.192594      1.7551
0.021625      1.5718      0.192239      1.76404
0.02175      1.58096      0.191887      1.77284
0.021875      1.58997      0.191537      1.78151
0.022      1.59885      0.191189      1.79004
0.022125      1.6076      0.190844      1.79845
0.02225      1.61622      0.190501      1.80672
0.022375      1.62471      0.19016      1.81487
0.0225      1.63308      0.189823      1.8229
0.022625      1.64133      0.189487      1.83082
0.02275      1.64946      0.189155      1.83861
0.022875      1.65748      0.188825      1.8463
0.023      1.66538      0.188497      1.85388
0.023125      1.67318      0.188173      1.86135
0.02325      1.68087      0.187851      1.86872
0.023375      1.68847      0.187532      1.876
0.0235      1.69596      0.187216      1.88318
0.023625      1.70337      0.186903      1.89027
0.02375      1.71068      0.186592      1.89727
0.023875      1.71791      0.186285      1.90419
0.024      1.72505      0.18598      1.91103
0.024125      1.73211      0.185678      1.91779
0.02425      1.7391      0.18538      1.92447
0.024375      1.74601      0.185084      1.93109
0.0245      1.75285      0.184791      1.93764
0.024625      1.75963      0.184501      1.94413
0.02475      1.76634      0.184215      1.95055
0.024875      1.77299      0.183931      1.95692
0.025      1.77959      0.18365      1.96324
0.025125      1.78613      0.183372      1.96951
0.02525      1.79263      0.183097      1.97572
0.025375      1.79908      0.182825      1.9819
0.0255      1.80548      0.182556      1.98804
0.025625      1.81185      0.18229      1.99414
0.02575      1.81817      0.182027      2.0002
0.025875      1.82447      0.181767      2.00624
0.026      1.83073      0.181509      2.01224
0.026125      1.83697      0.181255      2.01823
0.02625      1.84319      0.181003      2.02419
0.026375      1.84938      0.180755      2.03013
0.0265      1.85555      0.180509      2.03606
0.026625      1.86171      0.180266      2.04198
0.02675      1.86786      0.180026      2.04788
0.026875      1.874      0.179788      2.05378
0.027      1.88013      0.179554      2.05968
0.027125      1.88626      0.179322      2.06558
0.02725      1.89238      0.179092      2.07148
0.027375      1.89851      0.178866      2.07738
0.0275      1.90465      0.178642      2.08329
0.027625      1.91079      0.17842      2.08921
0.02775      1.91694      0.178202      2.09515
0.027875      1.92311      0.177985      2.1011
0.028      1.92929      0.177772      2.10706
0.028125      1.93549      0.177561      2.11305
0.02825      1.94171      0.177352      2.11906
0.028375      1.94795      0.177145      2.1251
0.0285      1.95422      0.176941      2.13116
0.028625      1.96052      0.17674      2.13726
0.02875      1.96685      0.176541      2.14339
0.028875      1.97321      0.176344      2.14955
0.029      1.9796      0.176149      2.15575
0.029125      1.98604      0.175956      2.16199
0.02925      1.99251      0.175766      2.16827
0.029375      1.99902      0.175578      2.1746
0.0295      2.00558      0.175392      2.18097
0.029625      2.01219      0.175208      2.18739
0.02975      2.01884      0.175026      2.19387
0.029875      2.02554      0.174846      2.20039
0.03      2.0323      0.174668      2.20697
0.030125      2.03911      0.174492      2.2136
0.03025      2.04598      0.174318      2.2203
0.030375      2.05291      0.174146      2.22705
0.0305      2.05989      0.173976      2.23387
0.030625      2.06694      0.173807      2.24075
0.03075      2.07406      0.17364      2.2477
0.030875      2.08124      0.173475      2.25471
0.031      2.08848      0.173312      2.2618
0.031125      2.0958      0.17315      2.26895
0.03125      2.10319      0.17299      2.27618
0.031375      2.11066      0.172832      2.28349
0.0315      2.1182      0.172675      2.29087
0.031625      2.12581      0.17252      2.29833
0.03175      2.13351      0.172366      2.30587
0.031875      2.14128      0.172214      2.3135
0.032      2.14914      0.172063      2.3212
0.032125      2.15708      0.171914      2.32899
0.03225      2.1651      0.171766      2.33687
0.032375      2.17322      0.17162      2.34484
0.0325      2.18142      0.171474      2.35289
0.032625      2.18971      0.171331      2.36104
0.03275      2.19809      0.171188      2.36928
0.032875      2.20657      0.171047      2.37761
0.033      2.21513      0.170907      2.38604
0.033125      2.2238      0.170768      2.39457
0.03325      2.23256      0.17063      2.40319
0.033375      2.24142      0.170494      2.41192
0.0335      2.25038      0.170359      2.42074
0.033625      2.25945      0.170224      2.42967
0.03375      2.26861      0.170091      2.4387
0.033875      2.27788      0.169959      2.44784
0.034      2.28725      0.169828      2.45708
0.034125      2.29673      0.169698      2.46643
0.03425      2.30632      0.16957      2.47589
0.034375      2.31602      0.169442      2.48546
0.0345      2.32583      0.169315      2.49514
0.034625      2.33575      0.169189      2.50494
0.03475      2.34578      0.169064      2.51484
0.034875      2.35593      0.168939      2.52486
0.035      2.36619      0.168816      2.535
0.035125      2.37656      0.168694      2.54526
0.03525      2.38706      0.168572      2.55563
0.035375      2.39767      0.168452      2.56612
0.0355      2.4084      0.168332      2.57674
0.035625      2.41926      0.168213      2.58747
0.03575      2.43023      0.168094      2.59833
0.035875      2.44133      0.167977      2.60931
0.036      2.45255      0.16786      2.62041
0.036125      2.4639      0.167744      2.63164
0.03625      2.47537      0.167629      2.643
0.036375      2.48697      0.167514      2.65448
0.0365      2.49869      0.1674      2.66609
0.036625      2.51055      0.167287      2.67783
0.03675      2.52253      0.167175      2.68971
0.036875      2.53464      0.167063      2.70171
0.037      2.54689      0.166952      2.71384
0.037125      2.55927      0.166841      2.72611
0.03725      2.57178      0.166731      2.73851
0.037375      2.58442      0.166622      2.75104
0.0375      2.5972      0.166513      2.76371
0.037625      2.61011      0.166405      2.77652
0.03775      2.62316      0.166298      2.78946
0.037875      2.63634      0.166191      2.80254
0.038      2.64967      0.166085      2.81575
0.038125      2.66313      0.165979      2.82911
0.03825      2.67673      0.165874      2.8426
0.038375      2.69047      0.165769      2.85624
0.0385      2.70435      0.165665      2.87001
0.038625      2.71837      0.165561      2.88393
0.03875      2.73253      0.165458      2.89799
0.038875      2.74683      0.165355      2.91219
0.039      2.76128      0.165253      2.92653
0.039125      2.77587      0.165151      2.94102
0.03925      2.7906      0.16505      2.95565
0.039375      2.80547      0.164949      2.97042
0.0395      2.82049      0.164849      2.98534
0.039625      2.83566      0.164749      3.00041
0.03975      2.85097      0.16465      3.01562
0.039875      2.86643      0.164551      3.03098
0.04      2.88203      0.164452      3.04648
