0.002      0.071183      0.0757075      0.14689
0.00207      0.0713803      0.0757851      0.147165
0.00214      0.071663      0.0758621      0.147525
0.00221      0.072049      0.0759387      0.147988
0.00228      0.0725578      0.076015      0.148573
0.00235      0.0732104      0.0760909      0.149301
0.00242      0.0740284      0.0761665      0.150195
0.00249      0.0750341      0.0762418      0.151276
0.00256      0.0762494      0.0763167      0.152566
0.00263      0.0776959      0.0763911      0.154087
0.0027      0.0793939      0.076465      0.155859
0.00277      0.0813618      0.0765383      0.1579
0.00284      0.0836164      0.0766106      0.160227
0.00291      0.0861714      0.076682      0.162853
0.00298      0.0890379      0.0767521      0.16579
0.00305      0.092224      0.0768208      0.169045
0.00312      0.0957343      0.0768878      0.172622
0.00319      0.0995701      0.076953      0.176523
0.00326      0.103729      0.077016      0.180745
0.00333      0.108207      0.0770767      0.185284
0.0034      0.112994      0.0771348      0.190129
0.00347      0.118079      0.0771901      0.195269
0.00354      0.123449      0.0772423      0.200691
0.00361      0.129085      0.0772912      0.206377
0.00368      0.134971      0.0773367      0.212308
0.00375      0.141086      0.0773785      0.218464
0.00382      0.147407      0.0774165      0.224823
0.00389      0.153912      0.0774505      0.231362
0.00396      0.160577      0.0774805      0.238057
0.00403      0.167378      0.0775063      0.244884
0.0041      0.17429      0.0775278      0.251818
0.00417      0.181291      0.0775451      0.258836
0.00424      0.188355      0.0775581      0.265913
0.00431      0.19546      0.0775668      0.273027
0.00438      0.202584      0.0775713      0.280155
0.00445      0.209705      0.0775717      0.287277
0.00452      0.216803      0.077568      0.294371
0.00459      0.223858      0.0775605      0.301419
0.00466      0.230854      0.0775492      0.308403
0.00473      0.237773      0.0775343      0.315307
0.0048      0.244601      0.0775162      0.322117
0.00487      0.251323      0.0774949      0.328818
0.00494      0.257929      0.0774707      0.3354
0.00501      0.264407      0.0774439      0.341851
0.00508      0.270747      0.0774148      0.348162
0.00515      0.276941      0.0773836      0.354325
0.00522      0.282983      0.0773506      0.360334
0.00529      0.288867      0.0773162      0.366184
0.00536      0.294589      0.0772806      0.37187
0.00543      0.300144      0.0772441      0.377389
0.0055      0.305532      0.077207      0.382739
0.00557      0.310749      0.0771697      0.387919
0.00564      0.315796      0.0771324      0.392929
0.00571      0.320674      0.0770954      0.397769
0.00578      0.325382      0.077059      0.402441
0.00585      0.329922      0.0770234      0.406946
0.00592      0.334298      0.076989      0.411286
0.00599      0.33851      0.0769559      0.415466
0.00606      0.342564      0.0769243      0.419488
0.00613      0.346462      0.0768946      0.423356
0.0062      0.350208      0.0768669      0.427075
0.00627      0.353806      0.0768414      0.430648
0.00634      0.357262      0.0768183      0.43408
0.00641      0.360579      0.0767977      0.437376
0.00648      0.363762      0.0767798      0.440542
0.00655      0.366817      0.0767647      0.443582
0.00662      0.369749      0.0767525      0.446501
0.00669      0.372562      0.0767433      0.449305
0.00676      0.375261      0.0767372      0.451998
0.00683      0.377853      0.0767343      0.454587
0.0069      0.380341      0.0767346      0.457076
0.00697      0.382731      0.0767381      0.45947
0.00704      0.385029      0.076745      0.461774
0.00711      0.387238      0.0767551      0.463993
0.00718      0.389363      0.0767686      0.466132
0.00725      0.39141      0.0767853      0.468195
0.00732      0.393383      0.0768054      0.470188
0.00739      0.395286      0.0768287      0.472114
0.00746      0.397123      0.0768552      0.473979
0.00753      0.3989      0.0768849      0.475785
0.0076      0.400619      0.0769178      0.477537
0.00767      0.402285      0.0769537      0.479239
0.00774      0.403901      0.0769927      0.480894
0.00781      0.405472      0.0770345      0.482506
0.00788      0.407      0.0770793      0.484079
0.00795      0.408488      0.0771269      0.485615
0.00802      0.409941      0.0771772      0.487118
0.00809      0.41136      0.0772301      0.48859
0.00816      0.412749      0.0772856      0.490035
0.00823      0.414111      0.0773435      0.491454
0.0083      0.415447      0.0774039      0.492851
0.00837      0.416761      0.0774665      0.494228
0.00844      0.418055      0.0775314      0.495586
0.00851      0.41933      0.0775983      0.496928
0.00858      0.420589      0.0776673      0.498257
0.00865      0.421835      0.0777383      0.499573
0.00872      0.423067      0.0778111      0.500878
0.00879      0.424289      0.0778857      0.502175
0.00886      0.425502      0.077962      0.503464
0.00893      0.426707      0.07804      0.504747
0.009      0.427906      0.0781194      0.506025
0.00907      0.4291      0.0782003      0.5073
0.00914      0.43029      0.0782827      0.508572
0.00921      0.431477      0.0783663      0.509843
0.00928      0.432662      0.0784512      0.511113
0.00935      0.433846      0.0785372      0.512384
0.00942      0.435031      0.0786244      0.513655
0.00949      0.436216      0.0787127      0.514929
0.00956      0.437403      0.0788019      0.516205
0.00963      0.438591      0.0788921      0.517484
0.0097      0.439783      0.0789831      0.518766
0.00977      0.440978      0.079075      0.520053
0.00984      0.442176      0.0791677      0.521344
0.00991      0.443379      0.0792611      0.52264
0.00998      0.444586      0.0793551      0.523942
0.01005      0.445799      0.0794499      0.525248
0.01012      0.447016      0.0795452      0.526561
0.01019      0.448239      0.0796411      0.52788
0.01026      0.449468      0.0797375      0.529205
0.01033      0.450702      0.0798345      0.530537
0.0104      0.451943      0.0799319      0.531875
0.01047      0.45319      0.0800297      0.53322
0.01054      0.454443      0.0801279      0.534571
0.01061      0.455703      0.0802265      0.53593
0.01068      0.45697      0.0803254      0.537295
0.01075      0.458243      0.0804247      0.538668
0.01082      0.459523      0.0805242      0.540048
0.01089      0.46081      0.080624      0.541434
0.01096      0.462104      0.0807241      0.542828
0.01103      0.463405      0.0808244      0.544229
0.0111      0.464712      0.0809249      0.545637
0.01117      0.466026      0.0810255      0.547052
0.01124      0.467348      0.0811264      0.548474
0.01131      0.468676      0.0812274      0.549903
0.01138      0.470011      0.0813285      0.55134
0.01145      0.471353      0.0814297      0.552783
0.01152      0.472702      0.081531      0.554233
0.01159      0.474058      0.0816324      0.555691
0.01166      0.475421      0.0817338      0.557155
0.01173      0.476791      0.0818353      0.558627
0.0118      0.478168      0.0819368      0.560105
0.01187      0.479552      0.0820383      0.56159
0.01194      0.480943      0.0821397      0.563083
0.01201      0.482341      0.0822412      0.564582
0.01208      0.483746      0.0823426      0.566088
0.01215      0.485158      0.0824439      0.567601
0.01222      0.486577      0.0825451      0.569122
0.01229      0.488003      0.0826462      0.570649
0.01236      0.489436      0.0827473      0.572183
0.01243      0.490877      0.0828481      0.573725
0.0125      0.492325      0.0829488      0.575274
0.01257      0.49378      0.0830494      0.57683
0.01264      0.495243      0.0831497      0.578393
0.01271      0.496714      0.0832498      0.579963
0.01278      0.498192      0.0833497      0.581541
0.01285      0.499677      0.0834493      0.583127
0.01292      0.501171      0.0835487      0.58472
0.01299      0.502673      0.0836478      0.58632
0.01306      0.504182      0.0837465      0.587929
0.01313      0.5057      0.0838449      0.589545
0.0132      0.507227      0.083943      0.591169
0.01327      0.508761      0.0840407      0.592802
0.01334      0.510305      0.084138      0.594443
0.01341      0.511857      0.0842348      0.596092
0.01348      0.513418      0.0843313      0.597749
0.01355      0.514988      0.0844272      0.599416
0.01362      0.516568      0.0845227      0.601091
0.01369      0.518157      0.0846177      0.602775
0.01376      0.519756      0.0847122      0.604468
0.01383      0.521364      0.0848062      0.60617
0.0139      0.522983      0.0848995      0.607882
0.01397      0.524612      0.0849923      0.609604
0.01404      0.526251      0.0850845      0.611335
0.01411      0.527901      0.0851761      0.613077
0.01418      0.529561      0.085267      0.614828
0.01425      0.531233      0.0853573      0.616591
0.01432      0.532916      0.0854469      0.618363
0.01439      0.534611      0.0855358      0.620147
0.01446      0.536317      0.085624      0.621941
0.01453      0.538036      0.0857114      0.623747
0.0146      0.539766      0.0857981      0.625564
0.01467      0.541509      0.0858839      0.627393
0.01474      0.543265      0.085969      0.629234
0.01481      0.545033      0.0860533      0.631087
0.01488      0.546815      0.0861368      0.632952
0.01495      0.54861      0.0862194      0.63483
0.01502      0.550419      0.0863012      0.63672
0.01509      0.552241      0.0863821      0.638623
0.01516      0.554078      0.0864621      0.64054
0.01523      0.555929      0.0865412      0.64247
0.0153      0.557794      0.0866194      0.644413
0.01537      0.559674      0.0866966      0.646371
0.01544      0.56157      0.0867729      0.648343
0.01551      0.56348      0.0868483      0.650329
0.01558      0.565406      0.0869226      0.652329
0.01565      0.567348      0.0869961      0.654344
0.01572      0.569306      0.0870685      0.656375
0.01579      0.57128      0.0871399      0.65842
0.01586      0.573271      0.0872103      0.660481
0.01593      0.575278      0.0872797      0.662558
0.016      0.577303      0.0873481      0.664651
