0.005      0.166214      0.138485      0.304698
0.0051      0.168716      0.138394      0.30711
0.0052      0.171482      0.138304      0.309786
0.0053      0.174526      0.138214      0.31274
0.0054      0.177862      0.138125      0.315987
0.0055      0.181504      0.138035      0.319539
0.0056      0.185462      0.137946      0.323408
0.0057      0.189747      0.137857      0.327604
0.0058      0.194367      0.137768      0.332135
0.0059      0.199329      0.137678      0.337007
0.006      0.204637      0.137589      0.342226
0.0061      0.210295      0.137499      0.347794
0.0062      0.216302      0.137409      0.353711
0.0063      0.22266      0.137319      0.359978
0.0064      0.229364      0.137228      0.366591
0.0065      0.236409      0.137136      0.373546
0.0066      0.243791      0.137044      0.380836
0.0067      0.2515      0.136952      0.388452
0.0068      0.259527      0.136858      0.396385
0.0069      0.267861      0.136763      0.404624
0.007      0.276489      0.136667      0.413156
0.0071      0.285396      0.13657      0.421967
0.0072      0.29457      0.136472      0.431042
0.0073      0.303992      0.136372      0.440364
0.0074      0.313647      0.13627      0.449918
0.0075      0.323518      0.136167      0.459685
0.0076      0.333585      0.136062      0.469647
0.0077      0.343831      0.135955      0.479786
0.0078      0.354236      0.135846      0.490083
0.0079      0.364782      0.135735      0.500518
0.008      0.37545      0.135622      0.511072
0.0081      0.386221      0.135507      0.521727
0.0082      0.397075      0.135389      0.532464
0.0083      0.407994      0.135269      0.543263
0.0084      0.418961      0.135146      0.554107
0.0085      0.429957      0.135021      0.564977
0.0086      0.440964      0.134893      0.575857
0.0087      0.451967      0.134763      0.586729
0.0088      0.462948      0.13463      0.597578
0.0089      0.473893      0.134494      0.608388
0.009      0.484787      0.134357      0.619143
0.0091      0.495615      0.134216      0.629831
0.0092      0.506364      0.134073      0.640437
0.0093      0.517023      0.133927      0.65095
0.0094      0.527578      0.13378      0.661358
0.0095      0.53802      0.133629      0.671649
0.0096      0.548337      0.133477      0.681814
0.0097      0.558522      0.133322      0.691844
0.0098      0.568565      0.133165      0.70173
0.0099      0.578458      0.133006      0.711464
0.01      0.588195      0.132845      0.72104
0.0101      0.597769      0.132683      0.730452
0.0102      0.607175      0.132518      0.739693
0.0103      0.616408      0.132352      0.748761
0.0104      0.625465      0.132185      0.75765
0.0105      0.63434      0.132016      0.766357
0.0106      0.643033      0.131846      0.77488
0.0107      0.65154      0.131675      0.783216
0.0108      0.659861      0.131504      0.791364
0.0109      0.667993      0.131331      0.799324
0.011      0.675936      0.131158      0.807094
0.0111      0.683691      0.130984      0.814675
0.0112      0.691257      0.130811      0.822067
0.0113      0.698635      0.130636      0.829272
0.0114      0.705827      0.130462      0.83629
0.0115      0.712835      0.130289      0.843123
0.0116      0.719659      0.130115      0.849774
0.0117      0.726302      0.129942      0.856244
0.0118      0.732767      0.129769      0.862537
0.0119      0.739057      0.129598      0.868655
0.012      0.745174      0.129427      0.874601
0.0121      0.751122      0.129257      0.880378
0.0122      0.756903      0.129088      0.885991
0.0123      0.762523      0.12892      0.891443
0.0124      0.767983      0.128754      0.896738
0.0125      0.773289      0.12859      0.901879
0.0126      0.778444      0.128427      0.906871
0.0127      0.783452      0.128266      0.911718
0.0128      0.788318      0.128106      0.916424
0.0129      0.793045      0.127949      0.920993
0.013      0.797637      0.127793      0.925431
0.0131      0.8021      0.12764      0.92974
0.0132      0.806437      0.127489      0.933926
0.0133      0.810653      0.12734      0.937994
0.0134      0.814752      0.127194      0.941946
0.0135      0.818738      0.12705      0.945788
0.0136      0.822616      0.126908      0.949524
0.0137      0.82639      0.126769      0.953159
0.0138      0.830064      0.126633      0.956696
0.0139      0.833642      0.126499      0.960141
0.014      0.837128      0.126368      0.963496
0.0141      0.840527      0.12624      0.966767
0.0142      0.843843      0.126114      0.969957
0.0143      0.847079      0.125991      0.97307
0.0144      0.85024      0.125871      0.976111
0.0145      0.853329      0.125754      0.979082
0.0146      0.85635      0.125639      0.981989
0.0147      0.859306      0.125528      0.984834
0.0148      0.862202      0.125419      0.987621
0.0149      0.865041      0.125313      0.990354
0.015      0.867826      0.125209      0.993036
0.0151      0.870561      0.125109      0.99567
0.0152      0.873249      0.125011      0.99826
0.0153      0.875893      0.124916      1.00081
0.0154      0.878496      0.124824      1.00332
0.0155      0.881061      0.124735      1.0058
0.0156      0.883592      0.124648      1.00824
0.0157      0.88609      0.124564      1.01065
0.0158      0.88856      0.124482      1.01304
0.0159      0.891002      0.124403      1.01541
0.016      0.893421      0.124327      1.01775
0.0161      0.895819      0.124253      1.02007
0.0162      0.898197      0.124182      1.02238
0.0163      0.900559      0.124113      1.02467
0.0164      0.902906      0.124046      1.02695
0.0165      0.905241      0.123982      1.02922
0.0166      0.907566      0.12392      1.03149
0.0167      0.909884      0.12386      1.03374
0.0168      0.912195      0.123803      1.036
0.0169      0.914502      0.123748      1.03825
0.017      0.916806      0.123694      1.0405
0.0171      0.919111      0.123643      1.04275
0.0172      0.921416      0.123594      1.04501
0.0173      0.923724      0.123547      1.04727
0.0174      0.926036      0.123502      1.04954
0.0175      0.928355      0.123458      1.05181
0.0176      0.930681      0.123417      1.0541
0.0177      0.933015      0.123377      1.05639
0.0178      0.93536      0.123339      1.0587
0.0179      0.937716      0.123302      1.06102
0.018      0.940084      0.123267      1.06335
0.0181      0.942467      0.123234      1.0657
0.0182      0.944864      0.123202      1.06807
0.0183      0.947278      0.123172      1.07045
0.0184      0.949708      0.123143      1.07285
0.0185      0.952157      0.123115      1.07527
0.0186      0.954625      0.123089      1.07771
0.0187      0.957113      0.123063      1.08018
0.0188      0.959622      0.12304      1.08266
0.0189      0.962153      0.123017      1.08517
0.019      0.964707      0.122995      1.0877
0.0191      0.967284      0.122975      1.09026
0.0192      0.969885      0.122955      1.09284
0.0193      0.972512      0.122937      1.09545
0.0194      0.975164      0.122919      1.09808
0.0195      0.977843      0.122902      1.10075
0.0196      0.980549      0.122887      1.10344
0.0197      0.983283      0.122872      1.10615
0.0198      0.986045      0.122858      1.1089
0.0199      0.988836      0.122844      1.11168
0.02      0.991657      0.122832      1.11449
0.0201      0.994509      0.12282      1.11733
0.0202      0.997391      0.122809      1.1202
0.0203      1.0003      0.122798      1.1231
0.0204      1.00325      0.122788      1.12604
0.0205      1.00623      0.122779      1.12901
0.0206      1.00924      0.12277      1.13201
0.0207      1.01228      0.122762      1.13505
0.0208      1.01536      0.122754      1.13812
0.0209      1.01848      0.122747      1.14122
0.021      1.02162      0.12274      1.14436
0.0211      1.02481      0.122734      1.14754
0.0212      1.02803      0.122728      1.15075
0.0213      1.03128      0.122722      1.15401
0.0214      1.03458      0.122717      1.15729
0.0215      1.03791      0.122712      1.16062
0.0216      1.04128      0.122708      1.16398
0.0217      1.04468      0.122703      1.16739
0.0218      1.04813      0.122699      1.17083
0.0219      1.05161      0.122696      1.17431
0.022      1.05514      0.122692      1.17783
0.0221      1.0587      0.122689      1.18139
0.0222      1.06231      0.122686      1.185
0.0223      1.06596      0.122684      1.18864
0.0224      1.06965      0.122681      1.19233
0.0225      1.07338      0.122679      1.19606
0.0226      1.07715      0.122677      1.19983
0.0227      1.08097      0.122675      1.20365
0.0228      1.08483      0.122673      1.2075
0.0229      1.08874      0.122671      1.21141
0.023      1.09269      0.12267      1.21536
0.0231      1.09668      0.122668      1.21935
0.0232      1.10073      0.122667      1.22339
0.0233      1.10481      0.122666      1.22748
0.0234      1.10895      0.122665      1.23161
0.0235      1.11313      0.122664      1.2358
0.0236      1.11736      0.122663      1.24003
0.0237      1.12164      0.122662      1.24431
0.0238      1.12597      0.122661      1.24863
0.0239      1.13035      0.122661      1.25301
0.024      1.13478      0.12266      1.25744
0.0241      1.13926      0.122659      1.26192
0.0242      1.14379      0.122659      1.26645
0.0243      1.14838      0.122658      1.27104
0.0244      1.15302      0.122658      1.27567
0.0245      1.15771      0.122657      1.28036
0.0246      1.16245      0.122657      1.28511
0.0247      1.16725      0.122656      1.28991
0.0248      1.17211      0.122656      1.29476
0.0249      1.17702      0.122655      1.29967
0.025      1.18199      0.122655      1.30464
