0.005      0.205855      0.175979      0.381834
0.005145833333      0.207126      0.175696      0.382823
0.005291666667      0.208555      0.175415      0.38397
0.0054375      0.210165      0.175136      0.385301
0.005583333333      0.211983      0.174859      0.386842
0.005729166667      0.214037      0.174584      0.38862
0.005875      0.216356      0.17431      0.390666
0.006020833333      0.218971      0.174038      0.393009
0.006166666667      0.221914      0.173768      0.395682
0.0063125      0.225217      0.1735      0.398717
0.006458333333      0.228912      0.173234      0.402146
0.006604166667      0.23303      0.172969      0.405999
0.00675      0.237601      0.172706      0.410307
0.006895833333      0.242653      0.172444      0.415097
0.007041666667      0.248213      0.172185      0.420397
0.0071875      0.254304      0.171926      0.42623
0.007333333333      0.260947      0.171669      0.432616
0.007479166667      0.268158      0.171414      0.439572
0.007625      0.275953      0.171159      0.447112
0.007770833333      0.28434      0.170906      0.455246
0.007916666667      0.293325      0.170654      0.463979
0.0080625      0.30291      0.170403      0.473313
0.008208333333      0.313092      0.170153      0.483245
0.008354166667      0.323866      0.169904      0.493769
0.0085      0.33522      0.169655      0.504875
0.008645833333      0.347141      0.169406      0.516547
0.008791666667      0.35961      0.169158      0.528768
0.0089375      0.372608      0.16891      0.541518
0.009083333333      0.386109      0.168662      0.55477
0.009229166667      0.400086      0.168413      0.568499
0.009375      0.414511      0.168164      0.582675
0.009520833333      0.429352      0.167915      0.597266
0.009666666667      0.444575      0.167664      0.612238
0.0098125      0.460145      0.167412      0.627558
0.009958333333      0.476028      0.16716      0.643187
0.01010416667      0.492185      0.166905      0.659091
0.01025      0.508581      0.16665      0.675231
0.01039583333      0.525178      0.166392      0.69157
0.01054166667      0.541939      0.166132      0.708072
0.0106875      0.558827      0.165871      0.724698
0.01083333333      0.575807      0.165607      0.741414
0.01097916667      0.592842      0.165341      0.758183
0.011125      0.609899      0.165072      0.774971
0.01127083333      0.626945      0.164801      0.791746
0.01141666667      0.643949      0.164527      0.808476
0.0115625      0.660879      0.164251      0.82513
0.01170833333      0.677709      0.163972      0.841681
0.01185416667      0.69441      0.16369      0.858101
0.012      0.710959      0.163405      0.874364
0.01214583333      0.727331      0.163118      0.890449
0.01229166667      0.743506      0.162828      0.906334
0.0124375      0.759463      0.162535      0.921998
0.01258333333      0.775185      0.162239      0.937424
0.01272916667      0.790655      0.161941      0.952597
0.012875      0.80586      0.161641      0.967501
0.01302083333      0.820787      0.161338      0.982125
0.01316666667      0.835425      0.161032      0.996458
0.0133125      0.849765      0.160725      1.01049
0.01345833333      0.863798      0.160416      1.02421
0.01360416667      0.87752      0.160104      1.03762
0.01375      0.890924      0.159791      1.05072
0.01389583333      0.904009      0.159477      1.06349
0.01404166667      0.91677      0.159161      1.07593
0.0141875      0.929208      0.158844      1.08805
0.01433333333      0.941323      0.158526      1.09985
0.01447916667      0.953115      0.158208      1.11132
0.014625      0.964587      0.157889      1.12248
0.01477083333      0.975742      0.157569      1.13331
0.01491666667      0.986584      0.15725      1.14383
0.0150625      0.997116      0.15693      1.15405
0.01520833333      1.00735      0.156611      1.16396
0.01535416667      1.01728      0.156293      1.17357
0.0155      1.02692      0.155975      1.18289
0.01564583333      1.03627      0.155658      1.19193
0.01579166667      1.04535      0.155342      1.20069
0.0159375      1.05416      0.155028      1.20919
0.01608333333      1.0627      0.154715      1.21742
0.01622916667      1.071      0.154404      1.2254
0.016375      1.07904      0.154096      1.23314
0.01652083333      1.08685      0.153789      1.24064
0.01666666667      1.09444      0.153484      1.24792
0.0168125      1.1018      0.153182      1.25498
0.01695833333      1.10895      0.152883      1.26184
0.01710416667      1.11591      0.152587      1.26849
0.01725      1.12267      0.152293      1.27496
0.01739583333      1.12924      0.152003      1.28124
0.01754166667      1.13564      0.151716      1.28736
0.0176875      1.14188      0.151433      1.29331
0.01783333333      1.14796      0.151153      1.29911
0.01797916667      1.15389      0.150876      1.30476
0.018125      1.15968      0.150604      1.31028
0.01827083333      1.16533      0.150335      1.31567
0.01841666667      1.17087      0.15007      1.32094
0.0185625      1.17629      0.149809      1.3261
0.01870833333      1.1816      0.149552      1.33115
0.01885416667      1.18681      0.149299      1.33611
0.019      1.19193      0.149051      1.34098
0.01914583333      1.19697      0.148806      1.34578
0.01929166667      1.20193      0.148566      1.3505
0.0194375      1.20682      0.14833      1.35515
0.01958333333      1.21164      0.148099      1.35974
0.01972916667      1.21641      0.147872      1.36429
0.019875      1.22113      0.147649      1.36878
0.02002083333      1.22581      0.14743      1.37324
0.02016666667      1.23045      0.147216      1.37767
0.0203125      1.23506      0.147006      1.38207
0.02045833333      1.23964      0.146801      1.38644
0.02060416667      1.24421      0.146599      1.39081
0.02075      1.24876      0.146402      1.39516
0.02089583333      1.2533      0.14621      1.39951
0.02104166667      1.25784      0.146021      1.40386
0.0211875      1.26237      0.145837      1.40821
0.02133333333      1.26692      0.145657      1.41258
0.02147916667      1.27148      0.145481      1.41696
0.021625      1.27605      0.145309      1.42136
0.02177083333      1.28064      0.145141      1.42579
0.02191666667      1.28526      0.144977      1.43024
0.0220625      1.28991      0.144816      1.43473
0.02220833333      1.29459      0.14466      1.43925
0.02235416667      1.29931      0.144508      1.44381
0.0225      1.30406      0.144359      1.44842
0.02264583333      1.30887      0.144214      1.45308
0.02279166667      1.31372      0.144072      1.45779
0.0229375      1.31862      0.143934      1.46255
0.02308333333      1.32357      0.143799      1.46737
0.02322916667      1.32859      0.143668      1.47226
0.023375      1.33367      0.14354      1.47721
0.02352083333      1.33881      0.143416      1.48222
0.02366666667      1.34401      0.143295      1.48731
0.0238125      1.34929      0.143176      1.49247
0.02395833333      1.35464      0.143061      1.49771
0.02410416667      1.36007      0.142949      1.50302
0.02425      1.36558      0.14284      1.50842
0.02439583333      1.37117      0.142734      1.5139
0.02454166667      1.37684      0.14263      1.51947
0.0246875      1.3826      0.142529      1.52513
0.02483333333      1.38845      0.142431      1.53088
0.02497916667      1.39439      0.142336      1.53673
0.025125      1.40043      0.142243      1.54267
0.02527083333      1.40656      0.142152      1.54871
0.02541666667      1.41279      0.142064      1.55486
0.0255625      1.41913      0.141978      1.5611
0.02570833333      1.42556      0.141895      1.56746
0.02585416667      1.4321      0.141814      1.57392
0.026      1.43875      0.141735      1.58049
0.02614583333      1.44551      0.141658      1.58717
0.02629166667      1.45239      0.141583      1.59397
0.0264375      1.45938      0.14151      1.60088
0.02658333333      1.46648      0.141439      1.60792
0.02672916667      1.4737      0.14137      1.61507
0.026875      1.48105      0.141302      1.62235
0.02702083333      1.48851      0.141237      1.62975
0.02716666667      1.49611      0.141173      1.63728
0.0273125      1.50382      0.141111      1.64493
0.02745833333      1.51167      0.14105      1.65272
0.02760416667      1.51965      0.140991      1.66064
0.02775      1.52776      0.140934      1.6687
0.02789583333      1.53601      0.140877      1.67689
0.02804166667      1.5444      0.140823      1.68522
0.0281875      1.55292      0.14077      1.69369
0.02833333333      1.56159      0.140718      1.70231
0.02847916667      1.5704      0.140667      1.71106
0.028625      1.57935      0.140617      1.71997
0.02877083333      1.58845      0.140569      1.72902
0.02891666667      1.5977      0.140522      1.73823
0.0290625      1.60711      0.140476      1.74758
0.02920833333      1.61666      0.140431      1.75709
0.02935416667      1.62638      0.140387      1.76676
0.0295      1.63624      0.140343      1.77659
0.02964583333      1.64627      0.140301      1.78657
0.02979166667      1.65646      0.14026      1.79672
0.0299375      1.66682      0.140219      1.80704
0.03008333333      1.67734      0.14018      1.81752
0.03022916667      1.68802      0.140141      1.82816
0.030375      1.69888      0.140103      1.83898
0.03052083333      1.70991      0.140065      1.84997
0.03066666667      1.72111      0.140028      1.86113
0.0308125      1.73248      0.139992      1.87248
0.03095833333      1.74404      0.139956      1.88399
0.03110416667      1.75577      0.139921      1.89569
0.03125      1.76769      0.139886      1.90757
0.03139583333      1.77979      0.139852      1.91964
0.03154166667      1.79207      0.139818      1.93189
0.0316875      1.80454      0.139785      1.94433
0.03183333333      1.81721      0.139751      1.95696
0.03197916667      1.83006      0.139719      1.96978
0.032125      1.84311      0.139686      1.98279
0.03227083333      1.85635      0.139654      1.996
0.03241666667      1.86979      0.139622      2.00941
0.0325625      1.88343      0.13959      2.02302
0.03270833333      1.89727      0.139558      2.03682
0.03285416667      1.91131      0.139527      2.05084
0.033      1.92556      0.139495      2.06505
0.03314583333      1.94001      0.139464      2.07947
0.03329166667      1.95467      0.139432      2.09411
0.0334375      1.96955      0.139401      2.10895
0.03358333333      1.98463      0.139369      2.124
0.03372916667      1.99994      0.139338      2.13927
0.033875      2.01545      0.139306      2.15476
0.03402083333      2.03119      0.139274      2.17046
0.03416666667      2.04714      0.139242      2.18638
0.0343125      2.06331      0.13921      2.20252
0.03445833333      2.07971      0.139178      2.21889
0.03460416667      2.09633      0.139145      2.23547
0.03475      2.11318      0.139112      2.25229
0.03489583333      2.13025      0.139079      2.26933
0.03504166667      2.14755      0.139046      2.2866
0.0351875      2.16509      0.139012      2.3041
0.03533333333      2.18285      0.138978      2.32183
0.03547916667      2.20085      0.138943      2.33979
0.035625      2.21908      0.138908      2.35799
0.03577083333      2.23755      0.138872      2.37643
0.03591666667      2.25626      0.138836      2.3951
0.0360625      2.27521      0.1388      2.41401
0.03620833333      2.29439      0.138763      2.43315
0.03635416667      2.31382      0.138726      2.45254
0.0365      2.33349      0.138688      2.47217
0.03664583333      2.3534      0.138649      2.49205
0.03679166667      2.37355      0.13861      2.51216
0.0369375      2.39395      0.13857      2.53252
0.03708333333      2.4146      0.138529      2.55313
0.03722916667      2.4355      0.138488      2.57398
0.037375      2.45664      0.138446      2.59508
0.03752083333      2.47803      0.138404      2.61643
0.03766666667      2.49967      0.138361      2.63803
0.0378125      2.52156      0.138317      2.65988
0.03795833333      2.5437      0.138272      2.68197
0.03810416667      2.56609      0.138226      2.70432
0.03825      2.58874      0.13818      2.72692
0.03839583333      2.61163      0.138133      2.74977
0.03854166667      2.63478      0.138085      2.77287
0.0386875      2.65818      0.138037      2.79622
0.03883333333      2.68184      0.137987      2.81983
0.03897916667      2.70575      0.137937      2.84368
0.039125      2.72991      0.137886      2.86779
0.03927083333      2.75432      0.137834      2.89216
0.03941666667      2.77899      0.137781      2.91678
0.0395625      2.80392      0.137727      2.94164
0.03970833333      2.82909      0.137672      2.96677
0.03985416667      2.85452      0.137616      2.99214
0.04      2.88021      0.13756      3.01777
