0.001      0.0291091      0.0339409      0.06305
0.001045      0.0295626      0.0340643      0.0636268
0.00109      0.0302078      0.0341869      0.0643947
0.001135      0.0310761      0.0343086      0.0653846
0.00118      0.0321956      0.0344292      0.0666249
0.001225      0.0335905      0.0345486      0.0681391
0.00127      0.035279      0.0346664      0.0699454
0.001315      0.0372727      0.0347822      0.0720549
0.00136      0.0395758      0.0348957      0.0744715
0.001405      0.0421853      0.0350063      0.0771916
0.00145      0.045091      0.0351137      0.0802047
0.001495      0.0482762      0.0352174      0.0834936
0.00154      0.0517186      0.0353169      0.0870355
0.001585      0.0553909      0.0354119      0.0908028
0.00163      0.0592626      0.0355022      0.0947648
0.001675      0.0633006      0.0355874      0.098888
0.00172      0.0674704      0.0356675      0.103138
0.001765      0.0717373      0.0357423      0.10748
0.00181      0.0760671      0.035812      0.111879
0.001855      0.080427      0.0358767      0.116304
0.0019      0.0847859      0.0359365      0.120722
0.001945      0.0891155      0.0359918      0.125107
0.00199      0.09339      0.0360429      0.129433
0.002035      0.0975866      0.0360903      0.133677
0.00208      0.101686      0.0361343      0.13782
0.002125      0.10567      0.0361756      0.141846
0.00217      0.109528      0.0362146      0.145742
0.002215      0.113246      0.0362519      0.149498
0.00226      0.116819      0.0362881      0.153107
0.002305      0.120239      0.0363237      0.156562
0.00235      0.123503      0.0363592      0.159863
0.002395      0.126612      0.0363952      0.163007
0.00244      0.129564      0.0364321      0.165996
0.002485      0.132361      0.0364704      0.168832
0.00253      0.135008      0.0365106      0.171518
0.002575      0.137508      0.0365529      0.174061
0.00262      0.139866      0.0365978      0.176464
0.002665      0.142089      0.0366455      0.178734
0.00271      0.144182      0.0366963      0.180878
0.002755      0.146152      0.0367503      0.182903
0.0028      0.148007      0.0368078      0.184815
0.002845      0.149753      0.0368688      0.186622
0.00289      0.151397      0.0369335      0.188331
0.002935      0.152947      0.0370018      0.189949
0.00298      0.154409      0.0370738      0.191483
0.003025      0.15579      0.0371494      0.19294
0.00307      0.157097      0.0372286      0.194326
0.003115      0.158335      0.0373113      0.195647
0.00316      0.159512      0.0373974      0.196909
0.003205      0.160631      0.0374868      0.198118
0.00325      0.1617      0.0375794      0.199279
0.003295      0.162722      0.037675      0.200397
0.00334      0.163702      0.0377734      0.201476
0.003385      0.164646      0.0378744      0.20252
0.00343      0.165556      0.037978      0.203534
0.003475      0.166437      0.0380839      0.204521
0.00352      0.167292      0.0381919      0.205484
0.003565      0.168125      0.038302      0.206426
0.00361      0.168937      0.0384138      0.207351
0.003655      0.169732      0.0385272      0.20826
0.0037      0.170513      0.0386421      0.209155
0.003745      0.17128      0.0387583      0.210039
0.00379      0.172037      0.0388757      0.210913
0.003835      0.172785      0.0389941      0.211779
0.00388      0.173525      0.0391133      0.212638
0.003925      0.174259      0.0392332      0.213492
0.00397      0.174988      0.0393538      0.214342
0.004015      0.175713      0.0394749      0.215187
0.00406      0.176434      0.0395964      0.21603
0.004105      0.177153      0.0397182      0.216871
0.00415      0.17787      0.0398402      0.217711
0.004195      0.178586      0.0399623      0.218549
0.00424      0.179302      0.0400845      0.219386
0.004285      0.180016      0.0402067      0.220223
0.00433      0.180731      0.0403288      0.22106
0.004375      0.181446      0.0404508      0.221896
0.00442      0.18216      0.0405727      0.222733
0.004465      0.182875      0.0406945      0.22357
0.00451      0.183591      0.040816      0.224407
0.004555      0.184307      0.0409373      0.225244
0.0046      0.185023      0.0410583      0.226082
0.004645      0.18574      0.041179      0.226919
0.00469      0.186458      0.0412995      0.227757
0.004735      0.187175      0.0414198      0.228595
0.00478      0.187893      0.0415397      0.229433
0.004825      0.188611      0.0416594      0.230271
0.00487      0.18933      0.0417787      0.231108
0.004915      0.190048      0.0418978      0.231946
0.00496      0.190766      0.0420167      0.232783
0.005005      0.191485      0.0421353      0.23362
0.00505      0.192203      0.0422537      0.234457
0.005095      0.192921      0.0423718      0.235293
0.00514      0.193639      0.0424897      0.236129
0.005185      0.194357      0.0426074      0.236965
0.00523      0.195075      0.042725      0.2378
0.005275      0.195793      0.0428423      0.238635
0.00532      0.19651      0.0429595      0.239469
0.005365      0.197227      0.0430766      0.240304
0.00541      0.197944      0.0431935      0.241138
0.005455      0.198661      0.0433103      0.241971
0.0055      0.199378      0.0434271      0.242805
0.005545      0.200095      0.0435437      0.243639
0.00559      0.200812      0.0436603      0.244472
0.005635      0.201529      0.0437767      0.245306
0.00568      0.202247      0.0438932      0.24614
0.005725      0.202966      0.0440095      0.246975
0.00577      0.203685      0.0441259      0.24781
0.005815      0.204404      0.0442422      0.248646
0.00586      0.205125      0.0443584      0.249483
0.005905      0.205847      0.0444747      0.250321
0.00595      0.20657      0.0445909      0.251161
0.005995      0.207294      0.0447071      0.252001
0.00604      0.20802      0.0448232      0.252844
0.006085      0.208749      0.0449394      0.253688
0.00613      0.209479      0.0450555      0.254534
0.006175      0.210211      0.0451716      0.255382
0.00622      0.210946      0.0452876      0.256233
0.006265      0.211683      0.0454036      0.257087
0.00631      0.212423      0.0455196      0.257943
0.006355      0.213167      0.0456355      0.258802
0.0064      0.213914      0.0457513      0.259665
0.006445      0.214664      0.0458671      0.260531
0.00649      0.215418      0.0459828      0.261401
0.006535      0.216176      0.0460984      0.262274
0.00658      0.216938      0.0462139      0.263152
0.006625      0.217704      0.0463293      0.264034
0.00667      0.218476      0.0464446      0.26492
0.006715      0.219251      0.0465597      0.265811
0.00676      0.220032      0.0466747      0.266707
0.006805      0.220818      0.0467895      0.267608
0.00685      0.22161      0.0469041      0.268514
0.006895      0.222407      0.0470186      0.269425
0.00694      0.22321      0.0471328      0.270342
0.006985      0.224018      0.0472468      0.271265
0.00703      0.224833      0.0473606      0.272194
0.007075      0.225654      0.0474741      0.273128
0.00712      0.226482      0.0475874      0.274069
0.007165      0.227316      0.0477004      0.275016
0.00721      0.228157      0.047813      0.27597
0.007255      0.229004      0.0479254      0.27693
0.0073      0.229859      0.0480374      0.277897
0.007345      0.230721      0.0481491      0.27887
0.00739      0.23159      0.0482605      0.279851
0.007435      0.232467      0.0483714      0.280838
0.00748      0.233351      0.048482      0.281833
0.007525      0.234243      0.0485922      0.282835
0.00757      0.235142      0.048702      0.283844
0.007615      0.23605      0.0488114      0.284861
0.00766      0.236965      0.0489203      0.285885
0.007705      0.237888      0.0490288      0.286917
0.00775      0.238819      0.0491368      0.287956
0.007795      0.239758      0.0492444      0.289003
0.00784      0.240706      0.0493514      0.290057
0.007885      0.241661      0.049458      0.291119
0.00793      0.242625      0.0495641      0.292189
0.007975      0.243597      0.0496697      0.293267
0.00802      0.244578      0.0497747      0.294352
0.008065      0.245567      0.0498793      0.295446
0.00811      0.246564      0.0499832      0.296547
0.008155      0.247569      0.0500867      0.297656
0.0082      0.248583      0.0501896      0.298773
0.008245      0.249606      0.050292      0.299898
0.00829      0.250637      0.0503938      0.301031
0.008335      0.251676      0.050495      0.302171
0.00838      0.252724      0.0505956      0.30332
0.008425      0.25378      0.0506957      0.304476
0.00847      0.254845      0.0507952      0.30564
0.008515      0.255918      0.0508941      0.306812
0.00856      0.256999      0.0509925      0.307991
0.008605      0.258089      0.0510902      0.309179
0.00865      0.259187      0.0511874      0.310374
0.008695      0.260293      0.0512839      0.311577
0.00874      0.261407      0.0513799      0.312787
0.008785      0.26253      0.0514753      0.314005
0.00883      0.263661      0.0515701      0.315231
0.008875      0.2648      0.0516643      0.316464
0.00892      0.265947      0.0517579      0.317705
0.008965      0.267102      0.0518509      0.318953
0.00901      0.268265      0.0519433      0.320208
0.009055      0.269436      0.0520351      0.321471
0.0091      0.270614      0.0521263      0.322741
0.009145      0.271801      0.052217      0.324018
0.00919      0.272995      0.052307      0.325302
0.009235      0.274197      0.0523965      0.326594
0.00928      0.275407      0.0524854      0.327892
0.009325      0.276624      0.0525737      0.329198
0.00937      0.277849      0.0526614      0.33051
0.009415      0.279081      0.0527486      0.33183
0.00946      0.28032      0.0528352      0.333156
0.009505      0.281567      0.0529212      0.334488
0.00955      0.282821      0.0530067      0.335828
0.009595      0.284082      0.0530916      0.337174
0.00964      0.285351      0.0531759      0.338527
0.009685      0.286626      0.0532597      0.339886
0.00973      0.287908      0.053343      0.341251
0.009775      0.289197      0.0534257      0.342623
0.00982      0.290493      0.0535079      0.344001
0.009865      0.291796      0.0535895      0.345386
0.00991      0.293105      0.0536707      0.346776
0.009955      0.294421      0.0537513      0.348173
0.01      0.295744      0.0538314      0.349575
