0.005      0.198172      0.169884      0.368056
0.005145833333      0.199596      0.169624      0.36922
0.005291666667      0.20122      0.169366      0.370587
0.0054375      0.203075      0.16911      0.372186
0.005583333333      0.205193      0.168855      0.374048
0.005729166667      0.207606      0.168602      0.376208
0.005875      0.210349      0.168351      0.3787
0.006020833333      0.213456      0.168101      0.381557
0.006166666667      0.216963      0.167852      0.384815
0.0063125      0.220904      0.167605      0.388508
0.006458333333      0.225311      0.167358      0.392669
0.006604166667      0.230216      0.167113      0.397329
0.00675      0.235648      0.166869      0.402517
0.006895833333      0.241632      0.166626      0.408257
0.007041666667      0.248191      0.166383      0.414573
0.0071875      0.255343      0.16614      0.421483
0.007333333333      0.263103      0.165898      0.429
0.007479166667      0.27148      0.165655      0.437135
0.007625      0.280479      0.165412      0.445891
0.007770833333      0.290102      0.165168      0.455271
0.007916666667      0.300344      0.164924      0.465268
0.0080625      0.311196      0.164678      0.475874
0.008208333333      0.322645      0.164431      0.487076
0.008354166667      0.334673      0.164183      0.498856
0.0085      0.347259      0.163932      0.511191
0.008645833333      0.360378      0.163679      0.524056
0.008791666667      0.374      0.163423      0.537424
0.0089375      0.388095      0.163165      0.55126
0.009083333333      0.402629      0.162904      0.565533
0.009229166667      0.417565      0.162639      0.580204
0.009375      0.432865      0.162371      0.595236
0.009520833333      0.44849      0.1621      0.61059
0.009666666667      0.4644      0.161825      0.626225
0.0098125      0.480555      0.161545      0.6421
0.009958333333      0.496912      0.161263      0.658175
0.01010416667      0.513433      0.160976      0.674409
0.01025      0.530076      0.160685      0.690761
0.01039583333      0.546802      0.16039      0.707192
0.01054166667      0.563574      0.160091      0.723664
0.0106875      0.580353      0.159788      0.740141
0.01083333333      0.597104      0.159481      0.756585
0.01097916667      0.613794      0.15917      0.772965
0.011125      0.630391      0.158856      0.789247
0.01127083333      0.646864      0.158539      0.805403
0.01141666667      0.663184      0.158218      0.821403
0.0115625      0.679327      0.157895      0.837222
0.01170833333      0.695267      0.157568      0.852836
0.01185416667      0.710984      0.15724      0.868224
0.012      0.726457      0.156909      0.883365
0.01214583333      0.741668      0.156576      0.898243
0.01229166667      0.756602      0.156241      0.912843
0.0124375      0.771245      0.155905      0.92715
0.01258333333      0.785585      0.155569      0.941154
0.01272916667      0.799613      0.155231      0.954844
0.012875      0.81332      0.154894      0.968214
0.01302083333      0.826701      0.154556      0.981258
0.01316666667      0.839751      0.154219      0.99397
0.0133125      0.852465      0.153883      1.00635
0.01345833333      0.864844      0.153547      1.01839
0.01360416667      0.876885      0.153214      1.0301
0.01375      0.888591      0.152881      1.04147
0.01389583333      0.899964      0.152551      1.05251
0.01404166667      0.911005      0.152224      1.06323
0.0141875      0.92172      0.151899      1.07362
0.01433333333      0.932113      0.151576      1.08369
0.01447916667      0.942191      0.151258      1.09345
0.014625      0.951959      0.150942      1.1029
0.01477083333      0.961424      0.15063      1.11205
0.01491666667      0.970595      0.150323      1.12092
0.0150625      0.979478      0.150019      1.1295
0.01520833333      0.988084      0.14972      1.1378
0.01535416667      0.99642      0.149425      1.14585
0.0155      1.0045      0.149136      1.15363
0.01564583333      1.01232      0.148851      1.16117
0.01579166667      1.0199      0.148571      1.16847
0.0159375      1.02725      0.148296      1.17555
0.01608333333      1.03438      0.148026      1.18241
0.01622916667      1.0413      0.147762      1.18906
0.016375      1.04801      0.147503      1.19552
0.01652083333      1.05453      0.14725      1.20178
0.01666666667      1.06087      0.147002      1.20787
0.0168125      1.06704      0.14676      1.2138
0.01695833333      1.07304      0.146523      1.21956
0.01710416667      1.07888      0.146292      1.22517
0.01725      1.08458      0.146066      1.23065
0.01739583333      1.09014      0.145846      1.23599
0.01754166667      1.09558      0.145632      1.24121
0.0176875      1.10089      0.145423      1.24632
0.01783333333      1.1061      0.145219      1.25132
0.01797916667      1.1112      0.145021      1.25622
0.018125      1.11621      0.144828      1.26104
0.01827083333      1.12113      0.14464      1.26577
0.01841666667      1.12598      0.144458      1.27043
0.0185625      1.13075      0.14428      1.27503
0.01870833333      1.13545      0.144108      1.27956
0.01885416667      1.1401      0.14394      1.28404
0.019      1.1447      0.143777      1.28848
0.01914583333      1.14926      0.143619      1.29287
0.01929166667      1.15377      0.143466      1.29724
0.0194375      1.15825      0.143316      1.30157
0.01958333333      1.16271      0.143171      1.30588
0.01972916667      1.16715      0.143031      1.31018
0.019875      1.17157      0.142894      1.31446
0.02002083333      1.17598      0.142761      1.31874
0.02016666667      1.18039      0.142632      1.32302
0.0203125      1.18479      0.142507      1.3273
0.02045833333      1.1892      0.142386      1.33159
0.02060416667      1.19362      0.142268      1.33589
0.02075      1.19805      0.142153      1.3402
0.02089583333      1.2025      0.142041      1.34454
0.02104166667      1.20697      0.141933      1.3489
0.0211875      1.21146      0.141827      1.35329
0.02133333333      1.21599      0.141725      1.35771
0.02147916667      1.22054      0.141625      1.36217
0.021625      1.22514      0.141528      1.36666
0.02177083333      1.22977      0.141433      1.3712
0.02191666667      1.23444      0.141341      1.37578
0.0220625      1.23915      0.141251      1.38041
0.02220833333      1.24392      0.141164      1.38508
0.02235416667      1.24874      0.141078      1.38981
0.0225      1.25361      0.140995      1.3946
0.02264583333      1.25853      0.140913      1.39945
0.02279166667      1.26352      0.140834      1.40435
0.0229375      1.26857      0.140756      1.40932
0.02308333333      1.27368      0.14068      1.41436
0.02322916667      1.27885      0.140605      1.41946
0.023375      1.2841      0.140532      1.42463
0.02352083333      1.28942      0.140461      1.42988
0.02366666667      1.29481      0.140391      1.4352
0.0238125      1.30027      0.140322      1.4406
0.02395833333      1.30582      0.140254      1.44607
0.02410416667      1.31144      0.140188      1.45163
0.02425      1.31715      0.140123      1.45727
0.02439583333      1.32294      0.140059      1.463
0.02454166667      1.32881      0.139996      1.46881
0.0246875      1.33478      0.139934      1.47471
0.02483333333      1.34083      0.139873      1.48071
0.02497916667      1.34698      0.139813      1.48679
0.025125      1.35322      0.139753      1.49297
0.02527083333      1.35956      0.139695      1.49925
0.02541666667      1.36599      0.139637      1.50563
0.0255625      1.37253      0.13958      1.51211
0.02570833333      1.37916      0.139524      1.51869
0.02585416667      1.3859      0.139468      1.52537
0.026      1.39275      0.139413      1.53216
0.02614583333      1.39971      0.139359      1.53906
0.02629166667      1.40677      0.139305      1.54608
0.0264375      1.41395      0.139252      1.5532
0.02658333333      1.42124      0.1392      1.56044
0.02672916667      1.42864      0.139147      1.56779
0.026875      1.43617      0.139096      1.57527
0.02702083333      1.44381      0.139045      1.58286
0.02716666667      1.45158      0.138994      1.59058
0.0273125      1.45947      0.138944      1.59842
0.02745833333      1.46749      0.138894      1.60639
0.02760416667      1.47564      0.138844      1.61448
0.02775      1.48391      0.138795      1.62271
0.02789583333      1.49232      0.138746      1.63107
0.02804166667      1.50087      0.138698      1.63957
0.0281875      1.50955      0.13865      1.6482
0.02833333333      1.51837      0.138602      1.65697
0.02847916667      1.52734      0.138555      1.66589
0.028625      1.53644      0.138508      1.67495
0.02877083333      1.54569      0.138461      1.68416
0.02891666667      1.55509      0.138414      1.69351
0.0290625      1.56465      0.138368      1.70301
0.02920833333      1.57435      0.138322      1.71267
0.02935416667      1.58421      0.138276      1.72249
0.0295      1.59423      0.13823      1.73246
0.02964583333      1.6044      0.138185      1.74259
0.02979166667      1.61474      0.13814      1.75288
0.0299375      1.62524      0.138095      1.76334
0.03008333333      1.63591      0.13805      1.77396
0.03022916667      1.64675      0.138005      1.78476
0.030375      1.65776      0.13796      1.79572
0.03052083333      1.66895      0.137916      1.80686
0.03066666667      1.68031      0.137871      1.81818
0.0308125      1.69185      0.137827      1.82968
0.03095833333      1.70357      0.137783      1.84135
0.03110416667      1.71547      0.137739      1.85321
0.03125      1.72756      0.137695      1.86526
0.03139583333      1.73984      0.137651      1.87749
0.03154166667      1.75231      0.137607      1.88991
0.0316875      1.76497      0.137563      1.90253
0.03183333333      1.77782      0.137519      1.91534
0.03197916667      1.79088      0.137475      1.92835
0.032125      1.80413      0.137431      1.94156
0.03227083333      1.81758      0.137387      1.95497
0.03241666667      1.83124      0.137343      1.96859
0.0325625      1.84511      0.137299      1.98241
0.03270833333      1.85918      0.137254      1.99644
0.03285416667      1.87347      0.13721      2.01068
0.033      1.88797      0.137166      2.02513
0.03314583333      1.90268      0.137121      2.0398
0.03329166667      1.91762      0.137076      2.05469
0.0334375      1.93277      0.137031      2.0698
0.03358333333      1.94814      0.136986      2.08513
0.03372916667      1.96374      0.136941      2.10068
0.033875      1.97956      0.136896      2.11646
0.03402083333      1.99562      0.13685      2.13247
0.03416666667      2.0119      0.136804      2.1487
0.0343125      2.02841      0.136758      2.16517
0.03445833333      2.04516      0.136711      2.18187
0.03460416667      2.06214      0.136664      2.19881
0.03475      2.07937      0.136617      2.21598
0.03489583333      2.09683      0.13657      2.2334
0.03504166667      2.11453      0.136522      2.25105
0.0351875      2.13247      0.136474      2.26895
0.03533333333      2.15066      0.136426      2.28709
0.03547916667      2.16909      0.136377      2.30547
0.035625      2.18778      0.136328      2.3241
0.03577083333      2.20671      0.136278      2.34299
0.03591666667      2.22589      0.136228      2.36212
0.0360625      2.24532      0.136177      2.3815
0.03620833333      2.26501      0.136126      2.40113
0.03635416667      2.28495      0.136075      2.42102
0.0365      2.30515      0.136023      2.44117
0.03664583333      2.3256      0.135971      2.46157
0.03679166667      2.34631      0.135918      2.48223
0.0369375      2.36728      0.135864      2.50314
0.03708333333      2.38851      0.13581      2.52432
0.03722916667      2.41      0.135756      2.54575
0.037375      2.43175      0.135701      2.56745
0.03752083333      2.45377      0.135645      2.58941
0.03766666667      2.47604      0.135589      2.61163
0.0378125      2.49858      0.135532      2.63412
0.03795833333      2.52139      0.135474      2.65686
0.03810416667      2.54446      0.135416      2.67988
0.03825      2.5678      0.135358      2.70316
0.03839583333      2.5914      0.135298      2.7267
0.03854166667      2.61527      0.135238      2.75051
0.0386875      2.6394      0.135178      2.77458
0.03883333333      2.6638      0.135116      2.79892
0.03897916667      2.68847      0.135054      2.82353
0.039125      2.71341      0.134992      2.8484
0.03927083333      2.73861      0.134928      2.87353
0.03941666667      2.76407      0.134864      2.89894
0.0395625      2.78981      0.1348      2.92461
0.03970833333      2.81581      0.134734      2.95054
0.03985416667      2.84207      0.134668      2.97674
0.04      2.8686      0.134602      3.00321
