0.004      0.13717      0.0883093      0.225479
0.00406      0.141692      0.088332      0.230024
0.00412      0.146392      0.0883529      0.234745
0.00418      0.151262      0.0883718      0.239633
0.00424      0.156293      0.0883887      0.244681
0.0043      0.161476      0.0884035      0.249879
0.00436      0.166801      0.0884161      0.255217
0.00442      0.172259      0.0884264      0.260685
0.00448      0.177838      0.0884343      0.266273
0.00454      0.183528      0.0884399      0.271968
0.0046      0.189318      0.088443      0.277761
0.00466      0.195195      0.0884436      0.283639
0.00472      0.20115      0.0884417      0.289592
0.00478      0.20717      0.0884372      0.295608
0.00484      0.213245      0.0884302      0.301675
0.0049      0.219363      0.0884205      0.307784
0.00496      0.225513      0.0884083      0.313922
0.00502      0.231685      0.0883935      0.320079
0.00508      0.237869      0.0883762      0.326245
0.00514      0.244053      0.0883564      0.332409
0.0052      0.250229      0.0883341      0.338563
0.00526      0.256387      0.0883094      0.344697
0.00532      0.262519      0.0882824      0.350801
0.00538      0.268615      0.0882531      0.356868
0.00544      0.274668      0.0882216      0.36289
0.0055      0.280671      0.088188      0.368859
0.00556      0.286616      0.0881525      0.374768
0.00562      0.292497      0.088115      0.380612
0.00568      0.298307      0.0880758      0.386383
0.00574      0.304042      0.0880349      0.392077
0.0058      0.309696      0.0879924      0.397689
0.00586      0.315265      0.0879485      0.403213
0.00592      0.320744      0.0879034      0.408647
0.00598      0.32613      0.087857      0.413987
0.00604      0.331419      0.0878097      0.419229
0.0061      0.336609      0.0877615      0.42437
0.00616      0.341697      0.0877125      0.42941
0.00622      0.346682      0.0876629      0.434345
0.00628      0.351561      0.0876128      0.439173
0.00634      0.356333      0.0875625      0.443895
0.0064      0.360998      0.0875119      0.44851
0.00646      0.365554      0.0874613      0.453015
0.00652      0.370002      0.0874107      0.457413
0.00658      0.374341      0.0873604      0.461702
0.00664      0.378572      0.0873104      0.465883
0.0067      0.382695      0.0872609      0.469956
0.00676      0.386711      0.087212      0.473923
0.00682      0.390621      0.0871638      0.477784
0.00688      0.394425      0.0871164      0.481542
0.00694      0.398126      0.08707      0.485196
0.007      0.401724      0.0870246      0.488749
0.00706      0.405222      0.0869804      0.492202
0.00712      0.40862      0.0869374      0.495558
0.00718      0.411922      0.0868957      0.498818
0.00724      0.415128      0.0868555      0.501984
0.0073      0.418241      0.0868168      0.505058
0.00736      0.421263      0.0867797      0.508043
0.00742      0.424197      0.0867443      0.510941
0.00748      0.427043      0.0867105      0.513754
0.00754      0.429806      0.0866786      0.516484
0.0076      0.432487      0.0866485      0.519135
0.00766      0.435088      0.0866202      0.521708
0.00772      0.437612      0.0865939      0.524206
0.00778      0.440062      0.0865696      0.526631
0.00784      0.442439      0.0865473      0.528986
0.0079      0.444746      0.086527      0.531273
0.00796      0.446986      0.0865088      0.533495
0.00802      0.449161      0.0864927      0.535654
0.00808      0.451273      0.0864786      0.537752
0.00814      0.453325      0.0864667      0.539792
0.0082      0.455319      0.0864569      0.541776
0.00826      0.457258      0.0864492      0.543707
0.00832      0.459143      0.0864436      0.545587
0.00838      0.460977      0.0864402      0.547417
0.00844      0.462762      0.0864388      0.5492
0.0085      0.4645      0.0864396      0.550939
0.00856      0.466193      0.0864424      0.552635
0.00862      0.467844      0.0864473      0.554291
0.00868      0.469454      0.0864543      0.555908
0.00874      0.471025      0.0864633      0.557488
0.0088      0.47256      0.0864742      0.559034
0.00886      0.474059      0.0864872      0.560546
0.00892      0.475526      0.0865021      0.562028
0.00898      0.476961      0.0865189      0.56348
0.00904      0.478367      0.0865376      0.564904
0.0091      0.479744      0.0865582      0.566302
0.00916      0.481095      0.0865806      0.567676
0.00922      0.482422      0.0866047      0.569027
0.00928      0.483725      0.0866307      0.570356
0.00934      0.485006      0.0866583      0.571664
0.0094      0.486267      0.0866876      0.572955
0.00946      0.487509      0.0867185      0.574227
0.00952      0.488732      0.086751      0.575483
0.00958      0.489939      0.0867851      0.576725
0.00964      0.491131      0.0868206      0.577952
0.0097      0.492309      0.0868577      0.579166
0.00976      0.493473      0.0868961      0.580369
0.00982      0.494626      0.086936      0.581562
0.00988      0.495767      0.0869772      0.582744
0.00994      0.496898      0.0870198      0.583918
0.01      0.49802      0.0870636      0.585084
0.01006      0.499134      0.0871086      0.586242
0.01012      0.50024      0.0871548      0.587395
0.01018      0.50134      0.0872022      0.588542
0.01024      0.502434      0.0872507      0.589685
0.0103      0.503523      0.0873002      0.590823
0.01036      0.504607      0.0873508      0.591958
0.01042      0.505688      0.0874025      0.59309
0.01048      0.506765      0.0874551      0.59422
0.01054      0.50784      0.0875086      0.595349
0.0106      0.508913      0.087563      0.596476
0.01066      0.509985      0.0876183      0.597603
0.01072      0.511055      0.0876744      0.59873
0.01078      0.512126      0.0877314      0.599857
0.01084      0.513196      0.0877891      0.600985
0.0109      0.514267      0.0878476      0.602114
0.01096      0.515338      0.0879067      0.603245
0.01102      0.516411      0.0879666      0.604377
0.01108      0.517485      0.0880271      0.605512
0.01114      0.518561      0.0880883      0.606649
0.0112      0.519639      0.0881501      0.60779
0.01126      0.52072      0.0882124      0.608933
0.01132      0.521804      0.0882753      0.610079
0.01138      0.52289      0.0883388      0.611229
0.01144      0.52398      0.0884027      0.612383
0.0115      0.525073      0.0884672      0.613541
0.01156      0.52617      0.0885321      0.614702
0.01162      0.527271      0.0885975      0.615868
0.01168      0.528376      0.0886633      0.617039
0.01174      0.529485      0.0887295      0.618214
0.0118      0.530598      0.0887961      0.619394
0.01186      0.531716      0.0888631      0.620579
0.01192      0.532838      0.0889304      0.621768
0.01198      0.533965      0.0889981      0.622963
0.01204      0.535097      0.0890661      0.624163
0.0121      0.536233      0.0891344      0.625368
0.01216      0.537375      0.089203      0.626578
0.01222      0.538522      0.0892719      0.627794
0.01228      0.539674      0.0893411      0.629015
0.01234      0.540831      0.0894105      0.630241
0.0124      0.541993      0.0894802      0.631473
0.01246      0.543161      0.08955      0.632711
0.01252      0.544334      0.0896201      0.633954
0.01258      0.545512      0.0896904      0.635203
0.01264      0.546696      0.0897609      0.636457
0.0127      0.547886      0.0898315      0.637718
0.01276      0.549081      0.0899024      0.638983
0.01282      0.550282      0.0899733      0.640255
0.01288      0.551488      0.0900445      0.641532
0.01294      0.5527      0.0901157      0.642815
0.013      0.553917      0.0901871      0.644104
0.01306      0.55514      0.0902586      0.645399
0.01312      0.556369      0.0903302      0.646699
0.01318      0.557604      0.0904019      0.648006
0.01324      0.558844      0.0904736      0.649318
0.0133      0.56009      0.0905455      0.650636
0.01336      0.561342      0.0906174      0.651959
0.01342      0.5626      0.0906893      0.653289
0.01348      0.563863      0.0907613      0.654625
0.01354      0.565133      0.0908334      0.655966
0.0136      0.566408      0.0909054      0.657314
0.01366      0.567689      0.0909775      0.658667
0.01372      0.568977      0.0910496      0.660026
0.01378      0.57027      0.0911216      0.661391
0.01384      0.571569      0.0911937      0.662763
0.0139      0.572874      0.0912657      0.66414
0.01396      0.574185      0.0913377      0.665523
0.01402      0.575503      0.0914096      0.666912
0.01408      0.576826      0.0914815      0.668308
0.01414      0.578156      0.0915534      0.669709
0.0142      0.579492      0.0916251      0.671117
0.01426      0.580834      0.0916968      0.672531
0.01432      0.582183      0.0917684      0.673951
0.01438      0.583538      0.0918399      0.675377
0.01444      0.584899      0.0919112      0.67681
0.0145      0.586267      0.0919825      0.678249
0.01456      0.587641      0.0920536      0.679695
0.01462      0.589022      0.0921245      0.681147
0.01468      0.59041      0.0921954      0.682605
0.01474      0.591804      0.092266      0.68407
0.0148      0.593205      0.0923365      0.685542
0.01486      0.594613      0.0924068      0.68702
0.01492      0.596028      0.0924769      0.688505
0.01498      0.59745      0.0925467      0.689997
0.01504      0.598879      0.0926164      0.691496
0.0151      0.600316      0.0926859      0.693001
0.01516      0.601759      0.0927551      0.694514
0.01522      0.60321      0.092824      0.696034
0.01528      0.604668      0.0928927      0.697561
0.01534      0.606134      0.0929612      0.699095
0.0154      0.607608      0.0930293      0.700637
0.01546      0.609089      0.0930972      0.702186
0.01552      0.610578      0.0931648      0.703743
0.01558      0.612075      0.093232      0.705307
0.01564      0.61358      0.093299      0.706879
0.0157      0.615093      0.0933656      0.708459
0.01576      0.616615      0.0934318      0.710046
0.01582      0.618144      0.0934977      0.711642
0.01588      0.619683      0.0935633      0.713246
0.01594      0.62123      0.0936284      0.714858
0.016      0.622785      0.0936932      0.716479
