0.005      0.161576      0.122343      0.283919
0.0051      0.166206      0.122297      0.288503
0.0052      0.171227      0.12225      0.293477
0.0053      0.176642      0.122203      0.298845
0.0054      0.182454      0.122156      0.30461
0.0055      0.188662      0.122107      0.310769
0.0056      0.195262      0.122057      0.317319
0.0057      0.202248      0.122006      0.324254
0.0058      0.209609      0.121954      0.331563
0.0059      0.217336      0.1219      0.339236
0.006      0.225413      0.121845      0.347258
0.0061      0.233825      0.121788      0.355612
0.0062      0.242553      0.121729      0.364282
0.0063      0.25158      0.121667      0.373247
0.0064      0.260882      0.121604      0.382486
0.0065      0.270439      0.121538      0.391977
0.0066      0.280228      0.121469      0.401697
0.0067      0.290223      0.121398      0.411621
0.0068      0.300402      0.121324      0.421726
0.0069      0.310739      0.121246      0.431986
0.007      0.32121      0.121166      0.442376
0.0071      0.331791      0.121083      0.452873
0.0072      0.342456      0.120996      0.463452
0.0073      0.353182      0.120906      0.474088
0.0074      0.363946      0.120812      0.484758
0.0075      0.374725      0.120716      0.49544
0.0076      0.385497      0.120615      0.506113
0.0077      0.396242      0.120512      0.516754
0.0078      0.40694      0.120405      0.527345
0.0079      0.417572      0.120294      0.537866
0.008      0.42812      0.120181      0.5483
0.0081      0.438567      0.120064      0.558631
0.0082      0.448899      0.119944      0.568843
0.0083      0.459101      0.119821      0.578922
0.0084      0.469161      0.119695      0.588856
0.0085      0.479065      0.119566      0.598632
0.0086      0.488805      0.119435      0.60824
0.0087      0.49837      0.119301      0.617671
0.0088      0.507751      0.119165      0.626917
0.0089      0.516943      0.119027      0.63597
0.009      0.525938      0.118887      0.644825
0.0091      0.534731      0.118745      0.653476
0.0092      0.543318      0.118602      0.66192
0.0093      0.551696      0.118457      0.670153
0.0094      0.559862      0.118311      0.678174
0.0095      0.567815      0.118165      0.68598
0.0096      0.575554      0.118017      0.693571
0.0097      0.583078      0.11787      0.700947
0.0098      0.590388      0.117721      0.70811
0.0099      0.597486      0.117573      0.715059
0.01      0.604372      0.117425      0.721798
0.0101      0.61105      0.117278      0.728328
0.0102      0.617523      0.117131      0.734653
0.0103      0.623792      0.116985      0.740777
0.0104      0.629862      0.11684      0.746701
0.0105      0.635736      0.116696      0.752432
0.0106      0.641419      0.116553      0.757973
0.0107      0.646916      0.116412      0.763328
0.0108      0.652231      0.116273      0.768504
0.0109      0.657368      0.116136      0.773504
0.011      0.662334      0.116001      0.778334
0.0111      0.667132      0.115868      0.783
0.0112      0.67177      0.115737      0.787506
0.0113      0.676251      0.115609      0.791859
0.0114      0.680581      0.115483      0.796064
0.0115      0.684767      0.11536      0.800127
0.0116      0.688813      0.11524      0.804053
0.0117      0.692725      0.115123      0.807848
0.0118      0.696509      0.115008      0.811517
0.0119      0.700169      0.114897      0.815067
0.012      0.703713      0.114789      0.818502
0.0121      0.707144      0.114684      0.821828
0.0122      0.710468      0.114583      0.825051
0.0123      0.713691      0.114484      0.828176
0.0124      0.716818      0.114389      0.831207
0.0125      0.719853      0.114298      0.834151
0.0126      0.722802      0.114209      0.837012
0.0127      0.72567      0.114124      0.839794
0.0128      0.728461      0.114042      0.842503
0.0129      0.731179      0.113964      0.845144
0.013      0.733831      0.113889      0.84772
0.0131      0.736418      0.113817      0.850236
0.0132      0.738947      0.113749      0.852696
0.0133      0.741421      0.113684      0.855105
0.0134      0.743844      0.113622      0.857466
0.0135      0.74622      0.113563      0.859783
0.0136      0.748553      0.113508      0.86206
0.0137      0.750845      0.113456      0.864301
0.0138      0.753102      0.113406      0.866508
0.0139      0.755325      0.11336      0.868685
0.014      0.757519      0.113316      0.870835
0.0141      0.759686      0.113276      0.872962
0.0142      0.761829      0.113238      0.875068
0.0143      0.763952      0.113203      0.877155
0.0144      0.766056      0.113171      0.879227
0.0145      0.768145      0.113142      0.881286
0.0146      0.77022      0.113115      0.883335
0.0147      0.772285      0.11309      0.885375
0.0148      0.774341      0.113068      0.88741
0.0149      0.776392      0.113048      0.88944
0.015      0.778438      0.113031      0.891468
0.0151      0.780481      0.113016      0.893497
0.0152      0.782525      0.113002      0.895527
0.0153      0.784569      0.112991      0.897561
0.0154      0.786617      0.112982      0.8996
0.0155      0.78867      0.112975      0.901645
0.0156      0.790729      0.11297      0.903698
0.0157      0.792795      0.112966      0.905761
0.0158      0.794871      0.112964      0.907835
0.0159      0.796957      0.112964      0.909921
0.016      0.799054      0.112965      0.91202
0.0161      0.801164      0.112968      0.914133
0.0162      0.803289      0.112972      0.916261
0.0163      0.805428      0.112978      0.918406
0.0164      0.807582      0.112985      0.920568
0.0165      0.809754      0.112993      0.922747
0.0166      0.811944      0.113003      0.924946
0.0167      0.814152      0.113013      0.927165
0.0168      0.816379      0.113025      0.929404
0.0169      0.818626      0.113037      0.931664
0.017      0.820894      0.113051      0.933945
0.0171      0.823184      0.113066      0.93625
0.0172      0.825496      0.113081      0.938577
0.0173      0.82783      0.113097      0.940927
0.0174      0.830188      0.113114      0.943302
0.0175      0.832569      0.113132      0.945701
0.0176      0.834975      0.11315      0.948126
0.0177      0.837406      0.113169      0.950575
0.0178      0.839862      0.113189      0.953051
0.0179      0.842344      0.113209      0.955553
0.018      0.844852      0.11323      0.958082
0.0181      0.847387      0.113251      0.960638
0.0182      0.849949      0.113273      0.963222
0.0183      0.852539      0.113295      0.965834
0.0184      0.855156      0.113318      0.968474
0.0185      0.857802      0.113341      0.971143
0.0186      0.860476      0.113364      0.97384
0.0187      0.86318      0.113387      0.976567
0.0188      0.865913      0.113411      0.979324
0.0189      0.868676      0.113436      0.982111
0.019      0.871468      0.11346      0.984928
0.0191      0.874292      0.113485      0.987777
0.0192      0.877146      0.11351      0.990656
0.0193      0.880032      0.113535      0.993566
0.0194      0.882949      0.11356      0.996509
0.0195      0.885898      0.113585      0.999483
0.0196      0.88888      0.113611      1.00249
0.0197      0.891894      0.113636      1.00553
0.0198      0.894942      0.113662      1.0086
0.0199      0.898023      0.113688      1.01171
0.02      0.901138      0.113714      1.01485
0.0201      0.904288      0.11374      1.01803
0.0202      0.907472      0.113766      1.02124
0.0203      0.910692      0.113792      1.02448
0.0204      0.913947      0.113818      1.02776
0.0205      0.917239      0.113844      1.03108
0.0206      0.920567      0.11387      1.03444
0.0207      0.923931      0.113896      1.03783
0.0208      0.927334      0.113922      1.04126
0.0209      0.930774      0.113948      1.04472
0.021      0.934253      0.113974      1.04823
0.0211      0.937771      0.114      1.05177
0.0212      0.941329      0.114026      1.05535
0.0213      0.944926      0.114052      1.05898
0.0214      0.948564      0.114077      1.06264
0.0215      0.952244      0.114103      1.06635
0.0216      0.955965      0.114129      1.07009
0.0217      0.959728      0.114154      1.07388
0.0218      0.963534      0.114179      1.07771
0.0219      0.967383      0.114205      1.08159
0.022      0.971277      0.11423      1.08551
0.0221      0.975215      0.114255      1.08947
0.0222      0.979199      0.11428      1.09348
0.0223      0.983228      0.114305      1.09753
0.0224      0.987304      0.114329      1.10163
0.0225      0.991428      0.114354      1.10578
0.0226      0.995599      0.114378      1.10998
0.0227      0.999819      0.114402      1.11422
0.0228      1.00409      0.114426      1.11851
0.0229      1.00841      0.11445      1.12286
0.023      1.01278      0.114474      1.12725
0.0231      1.0172      0.114497      1.1317
0.0232      1.02167      0.11452      1.13619
0.0233      1.0262      0.114543      1.14074
0.0234      1.03078      0.114566      1.14534
0.0235      1.03541      0.114588      1.15
0.0236      1.0401      0.114611      1.15471
0.0237      1.04485      0.114633      1.15948
0.0238      1.04965      0.114655      1.1643
0.0239      1.05451      0.114676      1.16918
0.024      1.05943      0.114697      1.17412
0.0241      1.0644      0.114718      1.17912
0.0242      1.06944      0.114739      1.18418
0.0243      1.07454      0.11476      1.1893
0.0244      1.07969      0.11478      1.19447
0.0245      1.08491      0.1148      1.19971
0.0246      1.0902      0.114819      1.20502
0.0247      1.09555      0.114838      1.21038
0.0248      1.10096      0.114857      1.21582
0.0249      1.10644      0.114876      1.22131
0.025      1.11198      0.114894      1.22687
