0.004      0.126978      0.0953733      0.222352
0.00408      0.131477      0.0953993      0.226876
0.00416      0.136305      0.0954242      0.231729
0.00424      0.141459      0.0954477      0.236907
0.00432      0.146932      0.0954697      0.242402
0.0044      0.152715      0.0954901      0.248205
0.00448      0.158796      0.0955086      0.254304
0.00456      0.165161      0.0955252      0.260687
0.00464      0.171797      0.0955396      0.267337
0.00472      0.178685      0.0955517      0.274237
0.0048      0.185807      0.0955613      0.281368
0.00488      0.193144      0.0955682      0.288712
0.00496      0.200675      0.0955723      0.296248
0.00504      0.20838      0.0955735      0.303953
0.00512      0.216236      0.0955715      0.311807
0.0052      0.224222      0.0955664      0.319788
0.00528      0.232316      0.0955579      0.327873
0.00536      0.240495      0.095546      0.336041
0.00544      0.24874      0.0955306      0.344271
0.00552      0.257029      0.0955117      0.35254
0.0056      0.26534      0.0954893      0.36083
0.00568      0.273656      0.0954633      0.369119
0.00576      0.281957      0.0954337      0.37739
0.00584      0.290224      0.0954006      0.385625
0.00592      0.298442      0.0953639      0.393806
0.006      0.306594      0.0953239      0.401918
0.00608      0.314665      0.0952805      0.409946
0.00616      0.322643      0.0952338      0.417876
0.00624      0.330513      0.0951841      0.425697
0.00632      0.338265      0.0951313      0.433396
0.0064      0.345888      0.0950757      0.440963
0.00648      0.353373      0.0950174      0.44839
0.00656      0.360711      0.0949566      0.455668
0.00664      0.367897      0.0948934      0.46279
0.00672      0.374923      0.0948282      0.469751
0.0068      0.381784      0.094761      0.476545
0.00688      0.388476      0.0946921      0.483168
0.00696      0.394996      0.0946217      0.489618
0.00704      0.401341      0.09455      0.495891
0.00712      0.40751      0.0944772      0.501987
0.0072      0.413501      0.0944036      0.507905
0.00728      0.419314      0.0943294      0.513644
0.00736      0.42495      0.0942548      0.519205
0.00744      0.430409      0.0941801      0.524589
0.00752      0.435693      0.0941054      0.529799
0.0076      0.440804      0.094031      0.534835
0.00768      0.445744      0.0939571      0.539701
0.00776      0.450516      0.0938838      0.5444
0.00784      0.455123      0.0938114      0.548934
0.00792      0.459568      0.0937401      0.553309
0.008      0.463856      0.0936701      0.557526
0.00808      0.46799      0.0936015      0.561592
0.00816      0.471975      0.0935345      0.56551
0.00824      0.475814      0.0934693      0.569284
0.00832      0.479513      0.0934059      0.572919
0.0084      0.483076      0.0933446      0.57642
0.00848      0.486507      0.0932855      0.579792
0.00856      0.489811      0.0932287      0.58304
0.00864      0.492994      0.0931743      0.586168
0.00872      0.496059      0.0931223      0.589182
0.0088      0.499012      0.093073      0.592085
0.00888      0.501858      0.0930263      0.594885
0.00896      0.504601      0.0929824      0.597584
0.00904      0.507247      0.0929412      0.600188
0.00912      0.509799      0.0929029      0.602701
0.0092      0.512262      0.0928675      0.605129
0.00928      0.514641      0.092835      0.607476
0.00936      0.51694      0.0928055      0.609746
0.00944      0.519164      0.0927789      0.611943
0.00952      0.521317      0.0927552      0.614072
0.0096      0.523402      0.0927346      0.616137
0.00968      0.525425      0.0927169      0.618142
0.00976      0.527388      0.0927021      0.62009
0.00984      0.529296      0.0926903      0.621987
0.00992      0.531153      0.0926814      0.623834
0.01      0.532961      0.0926754      0.625636
0.01008      0.534724      0.0926722      0.627396
0.01016      0.536446      0.0926718      0.629117
0.01024      0.538129      0.0926742      0.630803
0.01032      0.539777      0.0926792      0.632456
0.0104      0.541393      0.092687      0.63408
0.01048      0.542979      0.0926973      0.635676
0.01056      0.544538      0.0927102      0.637248
0.01064      0.546073      0.0927255      0.638798
0.01072      0.547586      0.0927433      0.640329
0.0108      0.549079      0.0927634      0.641842
0.01088      0.550555      0.0927859      0.64334
0.01096      0.552015      0.0928105      0.644825
0.01104      0.553462      0.0928373      0.646299
0.01112      0.554898      0.0928662      0.647764
0.0112      0.556323      0.0928971      0.64922
0.01128      0.557741      0.0929299      0.650671
0.01136      0.559153      0.0929647      0.652117
0.01144      0.560559      0.0930012      0.65356
0.01152      0.561962      0.0930395      0.655002
0.0116      0.563363      0.0930794      0.656443
0.01168      0.564763      0.093121      0.657884
0.01176      0.566164      0.0931641      0.659328
0.01184      0.567565      0.0932086      0.660774
0.01192      0.568969      0.0932546      0.662224
0.012      0.570376      0.0933019      0.663678
0.01208      0.571788      0.0933505      0.665138
0.01216      0.573204      0.0934003      0.666605
0.01224      0.574627      0.0934512      0.668078
0.01232      0.576056      0.0935033      0.669559
0.0124      0.577491      0.0935564      0.671048
0.01248      0.578935      0.0936105      0.672546
0.01256      0.580387      0.0936656      0.674053
0.01264      0.581848      0.0937215      0.67557
0.01272      0.583318      0.0937783      0.677097
0.0128      0.584798      0.0938358      0.678634
0.01288      0.586288      0.0938941      0.680182
0.01296      0.587789      0.0939531      0.681742
0.01304      0.5893      0.0940128      0.683313
0.01312      0.590822      0.0940731      0.684895
0.0132      0.592356      0.0941339      0.68649
0.01328      0.593901      0.0941953      0.688096
0.01336      0.595458      0.0942572      0.689715
0.01344      0.597027      0.0943196      0.691346
0.01352      0.598608      0.0943824      0.69299
0.0136      0.600202      0.0944456      0.694647
0.01368      0.601808      0.0945092      0.696317
0.01376      0.603426      0.0945731      0.697999
0.01384      0.605057      0.0946374      0.699695
0.01392      0.606701      0.0947019      0.701403
0.014      0.608358      0.0947667      0.703125
0.01408      0.610028      0.0948318      0.70486
0.01416      0.611711      0.0948971      0.706608
0.01424      0.613407      0.0949626      0.70837
0.01432      0.615117      0.0950282      0.710145
0.0144      0.616839      0.0950941      0.711933
0.01448      0.618575      0.0951601      0.713735
0.01456      0.620324      0.0952262      0.71555
0.01464      0.622087      0.0952924      0.717379
0.01472      0.623863      0.0953587      0.719222
0.0148      0.625653      0.0954251      0.721078
0.01488      0.627456      0.0954916      0.722947
0.01496      0.629273      0.0955581      0.724831
0.01504      0.631103      0.0956246      0.726728
0.01512      0.632948      0.0956912      0.728639
0.0152      0.634806      0.0957578      0.730564
0.01528      0.636678      0.0958244      0.732503
0.01536      0.638564      0.095891      0.734455
0.01544      0.640465      0.0959576      0.736422
0.01552      0.642379      0.0960242      0.738403
0.0156      0.644308      0.0960907      0.740398
0.01568      0.646251      0.0961572      0.742408
0.01576      0.648209      0.0962236      0.744432
0.01584      0.650181      0.09629      0.746471
0.01592      0.652168      0.0963562      0.748524
0.016      0.65417      0.0964224      0.750592
0.01608      0.656187      0.0964885      0.752675
0.01616      0.658219      0.0965545      0.754773
0.01624      0.660266      0.0966204      0.756887
0.01632      0.662329      0.0966862      0.759015
0.0164      0.664408      0.0967518      0.76116
0.01648      0.666502      0.0968174      0.76332
0.01656      0.668613      0.0968827      0.765495
0.01664      0.670739      0.0969479      0.767687
0.01672      0.672883      0.097013      0.769895
0.0168      0.675042      0.0970778      0.77212
0.01688      0.677219      0.0971425      0.774361
0.01696      0.679412      0.097207      0.776619
0.01704      0.681623      0.0972714      0.778895
0.01712      0.683852      0.0973355      0.781187
0.0172      0.686098      0.0973993      0.783497
0.01728      0.688362      0.097463      0.785825
0.01736      0.690645      0.0975264      0.788171
0.01744      0.692946      0.0975896      0.790536
0.01752      0.695266      0.0976525      0.792918
0.0176      0.697605      0.0977152      0.79532
0.01768      0.699963      0.0977776      0.797741
0.01776      0.702341      0.0978397      0.800181
0.01784      0.704739      0.0979015      0.802641
0.01792      0.707157      0.097963      0.80512
0.018      0.709596      0.0980242      0.80762
0.01808      0.712056      0.0980851      0.810141
0.01816      0.714536      0.0981457      0.812682
0.01824      0.717039      0.0982059      0.815245
0.01832      0.719563      0.0982657      0.817828
0.0184      0.722109      0.0983252      0.820434
0.01848      0.724677      0.0983843      0.823062
0.01856      0.727269      0.098443      0.825712
0.01864      0.729883      0.0985014      0.828385
0.01872      0.732521      0.0985593      0.831081
0.0188      0.735183      0.0986168      0.8338
0.01888      0.737869      0.0986739      0.836543
0.01896      0.740579      0.0987306      0.83931
0.01904      0.743315      0.0987868      0.842102
0.01912      0.746075      0.0988426      0.844918
0.0192      0.748861      0.0988979      0.847759
0.01928      0.751673      0.0989527      0.850626
0.01936      0.754511      0.099007      0.853518
0.01944      0.757376      0.0990609      0.856437
0.01952      0.760268      0.0991142      0.859382
0.0196      0.763187      0.099167      0.862354
0.01968      0.766133      0.0992193      0.865353
0.01976      0.769108      0.0992711      0.868379
0.01984      0.772111      0.0993223      0.871434
0.01992      0.775143      0.099373      0.874516
0.02      0.778204      0.0994231      0.877627
