-0.04      0.182519      3.01222      3.19474
-0.04      0.182519      3.01222      3.19474
-0.039875      0.182675      2.9994      3.18208
-0.03975      0.182831      2.9867      3.16953
-0.039625      0.182988      2.97411      3.1571
-0.0395      0.183146      2.96163      3.14477
-0.039375      0.183304      2.94926      3.13256
-0.03925      0.183464      2.937      3.12046
-0.039125      0.183624      2.92485      3.10847
-0.039      0.183785      2.9128      3.09659
-0.038875      0.183947      2.90087      3.08482
-0.03875      0.184109      2.88904      3.07315
-0.038625      0.184273      2.87732      3.0616
-0.0385      0.184437      2.86571      3.05015
-0.038375      0.184603      2.8542      3.0388
-0.03825      0.184769      2.8428      3.02756
-0.038125      0.184936      2.83149      3.01643
-0.038      0.185105      2.8203      3.0054
-0.037875      0.185274      2.8092      2.99447
-0.03775      0.185444      2.7982      2.98365
-0.037625      0.185615      2.78731      2.97292
-0.0375      0.185787      2.77651      2.9623
-0.037375      0.18596      2.76581      2.95177
-0.03725      0.186134      2.75521      2.94134
-0.037125      0.18631      2.7447      2.93101
-0.037      0.186486      2.73429      2.92077
-0.036875      0.186664      2.72397      2.91063
-0.03675      0.186842      2.71374      2.90059
-0.036625      0.187022      2.70361      2.89063
-0.0365      0.187203      2.69357      2.88077
-0.036375      0.187385      2.68361      2.871
-0.03625      0.187568      2.67375      2.86132
-0.036125      0.187752      2.66397      2.85172
-0.036      0.187938      2.65427      2.84221
-0.035875      0.188125      2.64467      2.83279
-0.03575      0.188313      2.63514      2.82345
-0.035625      0.188503      2.62569      2.8142
-0.0355      0.188694      2.61633      2.80502
-0.035375      0.188886      2.60705      2.79593
-0.03525      0.189079      2.59784      2.78692
-0.035125      0.189274      2.58871      2.77798
-0.035      0.189471      2.57965      2.76912
-0.034875      0.189669      2.57067      2.76033
-0.03475      0.189868      2.56175      2.75162
-0.034625      0.190069      2.55291      2.74298
-0.0345      0.190271      2.54414      2.73441
-0.034375      0.190475      2.53543      2.72591
-0.03425      0.19068      2.52679      2.71747
-0.034125      0.190887      2.51821      2.7091
-0.034      0.191095      2.5097      2.70079
-0.033875      0.191305      2.50124      2.69255
-0.03375      0.191517      2.49284      2.68436
-0.033625      0.191731      2.4845      2.67623
-0.0335      0.191946      2.47622      2.66816
-0.033375      0.192162      2.46799      2.66015
-0.03325      0.192381      2.4598      2.65219
-0.033125      0.192601      2.45167      2.64427
-0.033      0.192824      2.44359      2.63641
-0.032875      0.193048      2.43555      2.6286
-0.03275      0.193273      2.42756      2.62083
-0.032625      0.193501      2.4196      2.6131
-0.0325      0.193731      2.41169      2.60542
-0.032375      0.193962      2.40381      2.59777
-0.03225      0.194196      2.39597      2.59017
-0.032125      0.194431      2.38816      2.58259
-0.032      0.194669      2.38039      2.57506
-0.031875      0.194908      2.37264      2.56755
-0.03175      0.19515      2.36492      2.56007
-0.031625      0.195393      2.35722      2.55262
-0.0315      0.195639      2.34955      2.54519
-0.031375      0.195887      2.3419      2.53778
-0.03125      0.196137      2.33426      2.5304
-0.031125      0.196389      2.32664      2.52303
-0.031      0.196643      2.31903      2.51568
-0.030875      0.1969      2.31144      2.50834
-0.03075      0.197158      2.30385      2.50101
-0.030625      0.197419      2.29627      2.49369
-0.0305      0.197683      2.28869      2.48637
-0.030375      0.197948      2.28111      2.47906
-0.03025      0.198216      2.27353      2.47175
-0.030125      0.198487      2.26595      2.46443
-0.03      0.198759      2.25836      2.45712
-0.029875      0.199034      2.25076      2.44979
-0.02975      0.199312      2.24315      2.44246
-0.029625      0.199591      2.23552      2.43511
-0.0295      0.199874      2.22788      2.42775
-0.029375      0.200158      2.22022      2.42038
-0.02925      0.200446      2.21253      2.41298
-0.029125      0.200735      2.20482      2.40556
-0.029      0.201027      2.19708      2.39811
-0.028875      0.201322      2.18931      2.39064
-0.02875      0.201619      2.18151      2.38313
-0.028625      0.201919      2.17367      2.37559
-0.0285      0.202221      2.1658      2.36802
-0.028375      0.202526      2.15788      2.3604
-0.02825      0.202834      2.14991      2.35275
-0.028125      0.203144      2.1419      2.34505
-0.028      0.203456      2.13384      2.3373
-0.027875      0.203772      2.12573      2.3295
-0.02775      0.204089      2.11756      2.32165
-0.027625      0.20441      2.10933      2.31374
-0.0275      0.204733      2.10104      2.30577
-0.027375      0.205059      2.09268      2.29774
-0.02725      0.205387      2.08426      2.28965
-0.027125      0.205718      2.07577      2.28149
-0.027      0.206051      2.06721      2.27326
-0.026875      0.206387      2.05857      2.26495
-0.02675      0.206726      2.04985      2.25657
-0.026625      0.207067      2.04105      2.24812
-0.0265      0.207411      2.03217      2.23958
-0.026375      0.207757      2.0232      2.23095
-0.02625      0.208106      2.01414      2.22224
-0.026125      0.208458      2.00499      2.21344
-0.026      0.208812      1.99574      2.20455
-0.025875      0.209169      1.9864      2.19556
-0.02575      0.209528      1.97695      2.18648
-0.025625      0.20989      1.96741      2.1773
-0.0255      0.210254      1.95775      2.16801
-0.025375      0.210621      1.948      2.15862
-0.02525      0.21099      1.93813      2.14912
-0.025125      0.211361      1.92815      2.13951
-0.025      0.211735      1.91805      2.12979
-0.024875      0.212111      1.90784      2.11995
-0.02475      0.21249      1.89751      2.11
-0.024625      0.212871      1.88705      2.09992
-0.0245      0.213254      1.87648      2.08973
-0.024375      0.21364      1.86578      2.07942
-0.02425      0.214028      1.85495      2.06898
-0.024125      0.214418      1.84399      2.05841
-0.024      0.21481      1.8329      2.04771
-0.023875      0.215204      1.82168      2.03689
-0.02375      0.2156      1.81033      2.02593
-0.023625      0.215999      1.79884      2.01484
-0.0235      0.216399      1.78722      2.00362
-0.023375      0.216802      1.77545      1.99226
-0.02325      0.217206      1.76355      1.98076
-0.023125      0.217612      1.75151      1.96912
-0.023      0.21802      1.73933      1.95735
-0.022875      0.21843      1.72701      1.94544
-0.02275      0.218841      1.71455      1.93339
-0.022625      0.219255      1.70194      1.9212
-0.0225      0.21967      1.68919      1.90886
-0.022375      0.220086      1.6763      1.89639
-0.02225      0.220504      1.66327      1.88378
-0.022125      0.220924      1.6501      1.87102
-0.022      0.221344      1.63678      1.85813
-0.021875      0.221767      1.62333      1.8451
-0.02175      0.22219      1.60973      1.83192
-0.021625      0.222615      1.596      1.81862
-0.0215      0.223041      1.58213      1.80517
-0.021375      0.223469      1.56812      1.79159
-0.02125      0.223897      1.55398      1.77788
-0.021125      0.224327      1.53971      1.76403
-0.021      0.224757      1.5253      1.75006
-0.020875      0.225188      1.51077      1.73595
-0.02075      0.225621      1.49611      1.72173
-0.020625      0.226054      1.48132      1.70738
-0.0205      0.226488      1.46642      1.69291
-0.020375      0.226922      1.4514      1.67832
-0.02025      0.227357      1.43627      1.66362
-0.020125      0.227793      1.42102      1.64882
-0.02      0.22823      1.40567      1.6339
-0.019875      0.228666      1.39022      1.61889
-0.01975      0.229104      1.37467      1.60378
-0.019625      0.229541      1.35903      1.58857
-0.0195      0.229979      1.3433      1.57328
-0.019375      0.230418      1.32749      1.5579
-0.01925      0.230856      1.31159      1.54245
-0.019125      0.231295      1.29563      1.52693
-0.019      0.231734      1.2796      1.51134
-0.018875      0.232173      1.26351      1.49568
-0.01875      0.232612      1.24737      1.47998
-0.018625      0.233051      1.23118      1.46423
-0.0185      0.23349      1.21495      1.44844
-0.018375      0.233929      1.19868      1.43261
-0.01825      0.234368      1.18239      1.41676
-0.018125      0.234807      1.16608      1.40088
-0.018      0.235246      1.14976      1.385
-0.017875      0.235684      1.13343      1.36911
-0.01775      0.236123      1.11711      1.35323
-0.017625      0.236561      1.1008      1.33736
-0.0175      0.236999      1.08451      1.32151
-0.017375      0.237436      1.06825      1.30569
-0.01725      0.237873      1.05203      1.28991
-0.017125      0.23831      1.03586      1.27417
-0.017      0.238747      1.01974      1.25849
-0.016875      0.239183      1.00369      1.24287
-0.01675      0.239619      0.987705      1.22732
-0.016625      0.240055      0.971807      1.21186
-0.0165      0.24049      0.956001      1.19649
-0.016375      0.240925      0.940296      1.18122
-0.01625      0.241359      0.9247      1.16606
-0.016125      0.241794      0.909224      1.15102
-0.016      0.242228      0.893877      1.1361
-0.015875      0.242661      0.878666      1.12133
-0.01575      0.243095      0.863603      1.1067
-0.015625      0.243528      0.848694      1.09222
-0.0155      0.243961      0.83395      1.07791
-0.015375      0.244393      0.819379      1.06377
-0.01525      0.244826      0.804988      1.04981
-0.015125      0.245258      0.790788      1.03605
-0.015      0.24569      0.776785      1.02248
-0.014875      0.246122      0.762988      1.00911
-0.01475      0.246554      0.749404      0.995958
-0.014625      0.246986      0.736041      0.983027
-0.0145      0.247418      0.722905      0.970323
-0.014375      0.24785      0.710004      0.957854
-0.01425      0.248282      0.697343      0.945625
-0.014125      0.248714      0.684928      0.933643
-0.014      0.249147      0.672766      0.921913
-0.013875      0.24958      0.660862      0.910441
-0.01375      0.250013      0.649219      0.899232
-0.013625      0.250446      0.637843      0.888289
-0.0135      0.25088      0.626738      0.877618
-0.013375      0.251314      0.615906      0.86722
-0.01325      0.251749      0.605351      0.8571
-0.013125      0.252184      0.595075      0.847259
-0.013      0.25262      0.58508      0.8377
-0.012875      0.253057      0.575367      0.828424
-0.01275      0.253494      0.565938      0.819432
-0.012625      0.253932      0.556792      0.810724
-0.0125      0.254372      0.547929      0.8023
-0.012375      0.254812      0.539349      0.79416
-0.01225      0.255253      0.53105      0.786302
-0.012125      0.255695      0.52303      0.778725
-0.012      0.256138      0.515288      0.771426
-0.011875      0.256583      0.50782      0.764403
-0.01175      0.257029      0.500624      0.757653
-0.011625      0.257476      0.493695      0.751171
-0.0115      0.257924      0.487029      0.744953
-0.011375      0.258374      0.480622      0.738996
-0.01125      0.258825      0.474468      0.733294
-0.011125      0.259278      0.468563      0.727841
-0.011      0.259733      0.4629      0.722633
-0.010875      0.260189      0.457473      0.717662
-0.01075      0.260647      0.452276      0.712923
-0.010625      0.261107      0.447302      0.708408
-0.0105      0.261568      0.442544      0.704112
-0.010375      0.262032      0.437995      0.700027
-0.01025      0.262497      0.433647      0.696145
-0.010125      0.262965      0.429494      0.692459
-0.01      0.263434      0.425528      0.688962
