-0.000746     -0.000252     	0.00977594     0.0274472
-0.001506     -0.0005085     	0.0195722     0.0553683
-0.002006     -0.000704     	0.0242716     0.0791554
-0.0030055     -0.0012035     	0.0444657     0.127079
-0.0055     -0.002035     	0.0975866     0.199378
-0.008     -0.0028125     	0.108505     0.324507
-0.01194     -0.00305     	0.101535     0.446628
-0.01201     -0.00403     	0.167378     0.482341
-0.00804     -0.00254     	0.107317     0.289332
-0.014     -0.00504     	0.20838     0.608358
-0.015     -0.0055     	0.222466     0.684782
-0.016     -0.006     	0.252991     0.74471
-0.01204     -0.00454     	0.183528     0.535097
-0.017        -0.007       0.304128       0.859404
-0.017        -0.007       0.293932       0.877293
-0.019        -0.008       0.37545       0.964707
-0.02        -0.008       0.35692       1.02822
-0.017        -0.007       0.32121       0.820894
-0.0248333        -0.0101       0.538253       1.28959
-0.0220625        -0.0101       0.513433       1.23915
-0.0210416        -0.0111       0.609899       1.25784
-0.02        -0.0101       0.560929       1.09351
-0.0230833        -0.0111       0.578492       1.37307
-0.025        -0.01       0.443993       1.47434
-0.025        -0.01       0.426202       1.53854
-0.025        -0.01       0.414674       1.58008
-0.025        -0.01       0.405767       1.62578
-0.025        -0.01       0.409884       1.62158
-0.027        -0.01       0.397906       1.7897
-0.027        -0.01       0.397906       1.7897
-0.027       -0.01       0.397513       1.88013
-0.027        -0.01       0.403917       1.85748
-0.03        -0.01       0.406535       1.97852
-0.03        -0.01       0.411896       1.98798
-0.03        -0.01       0.412681       2.01641
-0.03        -0.01       0.417673       2.22222
-0.03        -0.01       0.422607       2.15698
