(1, -0.0004894999999999999, 0.005, -0.5, 50) ([0, -0.000708, 0, -10, 0], [10, -0.000271, 1, 0, 200])
0.001   0.1432798   -0.0002718    0.0005298    -0.0876968    101.9279938    0.0595138   0.0000428    0.0000788    0.0362068    23.6856128
(1, -0.00100725, 0.005, -0.5, 50) ([0, -0.001506, 0, -10, 0], [10, -0.0005085, 1, 0, 200])
0.002   0.3473258   -0.0005098    0.0011698    -0.2103318    110.0071928    0.1138698   0.0000738    0.0001358    0.0674548    20.5537908
(1, -0.001607, 0.005, -0.5, 50) ([0, -0.002412, 0, -10, 0], [10, -0.000802, 1, 0, 200])
0.003   0.4939418   -0.0008028    0.0017448    -0.2963518    103.6017048    0.2613268   0.0001768    0.0003248    0.1561908    31.6317828
(1, -0.0026609999999999997, 0.005, -0.5, 50) ([0, -0.0040125, 0, -10, 0], [10, -0.0013095, 1, 0, 200])
0.005   0.8154238   -0.0013108    0.0029468    -0.4868378    102.3913338    0.4765748   0.0003298    0.0006068    0.2832838    34.1423808
(1, -0.0034075, 0.005, -0.5, 50) ([0, -0.005005, 0, -10, 0], [10, -0.00181, 1, 0, 200])
0.007   1.1044388   -0.0018108    0.0038318    -0.6711268    107.5642588    0.4034948   0.0002678    0.0004948    0.2421438    22.1937328
(1, -0.005345, 0.005, -0.5, 50) ([0, -0.00804, 0, -10, 0], [10, -0.00265, 1, 0, 200])
0.01   1.5862988   -0.0026508    0.0057508    -0.9404218    100.9443658    1.0502978   0.0007278    0.0013418    0.6278448    38.5185688
(1, -0.00540625, 0.005, -0.5, 50) ([0, -0.008, 0, -10, 0], [10, -0.0028125, 1, 0, 200])
0.012   0.7947428   -0.0039508    0.0044558    -0.4705508    72.3971738    0.0604808   0.0000688    0.0001548    0.0399118    2.4843948
(1, -0.007495, 0.005, -0.5, 50) ([0, -0.01194, 0, -10, 0], [10, -0.00305, 1, 0, 200])
0.015   1.3025818   -0.0047128    0.0069208    -0.7500568    74.6443498    0.1766488   0.0001938    0.0004058    0.1110528    4.9031088
(1, -0.00802, 0.005, -0.5, 50) ([0, -0.01201, 0, -10, 0], [10, -0.00403, 1, 0, 200])
0.017   2.2811768   -0.0045348    0.0084038    -1.3871688    102.9296708    0.4416918   0.0003168    0.0005988    0.2700188    10.8649628
(1, -0.01, 0.005, -0.5, 50) ([0, -0.016, 0, -10, 0], [10, -0.004, 1, 0, 200])
0.02   1.5548638   -0.0063308    0.0085518    -0.8927638    73.8293978    0.1511488   0.0001748    0.0003668    0.0965848    3.3746068
(1, -0.01028, 0.005, -0.5, 50) ([0, -0.01504, 0, -10, 0], [10, -0.00552, 1, 0, 200])
0.022   3.2841288   -0.0056078    0.0107248    -2.0220958    115.0345608    0.7116088   0.0004458    0.0008218    0.4345218    13.9771198
(1, -0.0115, 0.005, -0.5, 50) ([0, -0.017, 0, -10, 0], [10, -0.006, 1, 0, 200])
0.025   2.7354848   -0.0069808    0.0107938    -1.6804008    98.8164608    0.3309838   0.0002568    0.0004918    0.2090998    6.2757678
(1, -0.011, 0.005, -0.5, 50) ([0, -0.016, 0, -10, 0], [10, -0.006, 1, 0, 200])
0.027   1.2631938   -0.0087968    0.0079008    -0.7414838    71.4835078    0.0490598   0.0000608    0.0001588    0.0334298    1.0304388
(1, -0.01395, 0.005, -0.5, 50) ([0, -0.0199, 0, -10, 0], [10, -0.008, 1, 0, 200])
0.03   3.4679168   -0.0080008    0.0126388    -2.1706328    108.1948298    0.8332738   0.0005808    0.0010698    0.5283728    13.9048918
(1, -0.012499999999999999, 0.005, -0.5, 50) ([0, -0.018, 0, -10, 0], [10, -0.007, 1, 0, 200])
0.032   1.3146668   -0.0103268    0.0085458    -0.7767768    72.2145128    0.0400018   0.0000508    0.0001408    0.0274418    0.7364308
(1, -0.012499999999999999, 0.005, -0.5, 50) ([0, -0.018, 0, -10, 0], [10, -0.007, 1, 0, 200])
0.033   1.1654958   -0.0108018    0.0080228    -0.6768398    69.9251478    0.0318438   0.0000408    0.0001318    0.0216868    0.5533908
(1, -0.014, 0.005, -0.5, 50) ([0, -0.02, 0, -10, 0], [10, -0.008, 1, 0, 200])
0.035   1.6333908   -0.0111088    0.0098168    -0.9820568    76.3601858    0.0452928   0.0000548    0.0001348    0.0313418    0.7951788
(1, -0.0139375, 0.005, -0.5, 50) ([0, -0.019875, 0, -10, 0], [10, -0.008, 1, 0, 200])
0.037   1.3427898   -0.0119478    0.0090628    -0.7913068    72.3528708    0.0362568   0.0000458    0.0001408    0.0248088    0.5766928
(1, -0.014974999999999999, 0.005, -0.5, 50) ([0, -0.0215, 0, -10, 0], [10, -0.00845, 1, 0, 200])
0.04   1.3831598   -0.0128618    0.0093838    -0.8161638    73.5437048    0.0362158   0.0000468    0.0001458    0.0250148    0.5542448
(1, -0.015208315, 0.005, -0.5, 50) ([0, -0.0213333, 0, -10, 0], [10, -0.00908333, 1, 0, 200])
0.042   1.3827438   -0.0133928    0.0095498    -0.8309588    74.4367428    0.0328308   0.0000398    0.0001348    0.0222968    0.4584838
(1, -0.013968735, 0.005, -0.5, 50) ([0, -0.0200208, 0, -10, 0], [10, -0.00791667, 1, 0, 200])
0.045   0.7687038   -0.0143978    0.0066238    -0.4762618    71.6096598    0.0269308   0.0000418    0.0001958    0.0126568    0.3724538
(1, -0.017031265, 0.005, -0.5, 50) ([0, -0.0249792, 0, -10, 0], [10, -0.00908333, 1, 0, 200])
0.047   1.2620738   -0.0150378    0.0094748    -0.7458358    73.7476918    0.0258648   0.0000398    0.0001358    0.0180538    0.3577998
(1, -0.013968735, 0.005, -0.5, 50) ([0, -0.0200208, 0, -10, 0], [10, -0.00791667, 1, 0, 200])
0.05   0.7687038   -0.0143978    0.0066238    -0.4762618    71.6096598    0.0269308   0.0000418    0.0001958    0.0126568    0.3724538
